service_id,monday,tuesday,wednesday,thursday,friday,saturday,sunday,start_date,end_date
BUS20262-hba26011-Weekday-02,1,1,1,1,1,0,0,20260529,20260612
BUS20262-hbb26017-Sunday-02,0,0,0,0,0,0,1,20260531,20260607
BUS20262-hbb26fr1-Weekday-02,0,0,0,0,1,0,0,20260529,20260612
BUS20262-hbb26sp6-Saturday-02,0,0,0,0,0,1,0,20260613,20260613
BUS20262-hbc26017-Sunday-02,0,0,0,0,0,0,1,20260531,20260607
BUS20262-hbc26fr1-Weekday-02,0,0,0,0,1,0,0,20260529,20260612
BUS20262-hbc26sp6-Saturday-02,0,0,0,0,0,1,0,20260613,20260613
BUS20262-hbf26011-Weekday-02,1,1,1,1,1,0,0,20260529,20260612
BUS20262-hbg26017-Sunday-02,0,0,0,0,0,0,1,20260531,20260607
BUS20262-hbg26fr1-Weekday-02,0,0,0,0,1,0,0,20260529,20260612
BUS20262-hbg26sp6-Saturday-02,0,0,0,0,0,1,0,20260613,20260613
BUS20262-hbl26017-Sunday-02,0,0,0,0,0,0,1,20260531,20260607
BUS20262-hbl26fr1-Weekday-02,0,0,0,0,1,0,0,20260529,20260612
BUS20262-hbl26sp6-Saturday-02,0,0,0,0,0,1,0,20260613,20260613
BUS20262-hbq26017-Sunday-02,0,0,0,0,0,0,1,20260531,20260607
BUS20262-hbq26fr1-Weekday-02,0,0,0,0,1,0,0,20260529,20260612
BUS20262-hbq26sp6-Saturday-02,0,0,0,0,0,1,0,20260613,20260613
BUS20262-hbs26017-Sunday-02,0,0,0,0,0,0,1,20260531,20260607
BUS20262-hbs26fw1-Weekday-02,0,0,0,0,1,0,0,20260529,20260605
BUS20262-hbs26sp6-Saturday-02,0,0,0,0,0,1,0,20260613,20260613
BUS20262-hbs26sr1-Weekday-02,0,0,0,1,0,0,0,20260611,20260611
BUS20262-hbs26sw1-Weekday-02,1,1,1,1,0,0,0,20260601,20260610
BUS20262-hbs26sy1-Weekday-02,0,0,0,0,1,0,0,20260612,20260612
BUS20262-hbt26017-Sunday-02,0,0,0,0,0,0,1,20260531,20260607
BUS20262-hbt26fr1-Weekday-02,0,0,0,0,1,0,0,20260529,20260612
BUS20262-hbt26sp6-Saturday-02,0,0,0,0,0,1,0,20260613,20260613
BUS20263-hba36011-Weekday-02,1,1,1,1,0,0,0,20260615,20260625
BUS20263-hba36ns1-Weekday-02,1,1,1,1,1,0,0,20260629,20260828
BUS20263-hbb36017-Sunday-02,0,0,0,0,0,0,1,20260621,20260830
BUS20263-hbb36fn1-Weekday-02,1,0,0,1,1,0,0,20260619,20260619
BUS20263-hbb36fr1-Weekday-02,0,0,0,0,1,0,0,20260904,20260904
BUS20263-hbb36fs1-Weekday-02,0,1,0,0,0,0,0,20260616,20260623
BUS20263-hbb36j47-Sunday-02,0,0,0,0,0,0,0,20260704,20260704
BUS20263-hbb36sf1-Weekday-02,0,0,0,0,1,0,0,20260710,20260828
BUS20263-hbb36sn1-Weekday-02,1,1,1,1,0,0,0,20260630,20260827
BUS20263-hbb36sp7-Sunday-02,0,0,0,0,0,0,1,20260614,20260614
BUS20263-hbb36wk1-Weekday-02,1,0,1,1,0,0,0,20260615,20260625
BUS20263-hbc36016-Saturday-02,0,0,0,0,0,1,0,20260620,20260905
BUS20263-hbc36017-Sunday-02,0,0,0,0,0,0,1,20260621,20260830
BUS20263-hbc36fn1-Weekday-02,1,0,0,1,1,0,0,20260619,20260619
BUS20263-hbc36fr1-Weekday-02,0,0,0,0,1,0,0,20260904,20260904
BUS20263-hbc36fs1-Weekday-02,0,1,0,0,0,0,0,20260616,20260623
BUS20263-hbc36j47-Sunday-02,0,0,0,0,0,0,0,20260704,20260704
BUS20263-hbc36sf1-Weekday-02,0,0,0,0,1,0,0,20260710,20260828
BUS20263-hbc36sn1-Weekday-02,1,1,1,1,0,0,0,20260630,20260827
BUS20263-hbc36sp6-Saturday-02,0,0,0,0,0,1,0,20260711,20260711
BUS20263-hbc36sp7-Sunday-02,0,0,0,0,0,0,1,20260614,20260614
BUS20263-hbc36wk1-Weekday-02,1,0,1,1,0,0,0,20260615,20260625
BUS20263-hbf36011-Weekday-02,1,1,1,1,0,0,0,20260615,20260625
BUS20263-hbf36ns1-Weekday-02,1,1,1,1,1,0,0,20260629,20260828
BUS20263-hbg36016-Saturday-02,0,0,0,0,0,1,0,20260620,20260905
BUS20263-hbg36017-Sunday-02,0,0,0,0,0,0,1,20260621,20260830
BUS20263-hbg36fn1-Weekday-02,1,0,0,1,1,0,0,20260619,20260619
BUS20263-hbg36fr1-Weekday-02,0,0,0,0,1,0,0,20260904,20260904
BUS20263-hbg36fs1-Weekday-02,0,1,0,0,0,0,0,20260616,20260623
BUS20263-hbg36j47-Sunday-02,0,0,0,0,0,0,0,20260704,20260704
BUS20263-hbg36sf1-Weekday-02,0,0,0,0,1,0,0,20260710,20260828
BUS20263-hbg36sn1-Weekday-02,1,1,1,1,0,0,0,20260630,20260827
BUS20263-hbg36sp6-Saturday-02,0,0,0,0,0,1,0,20260711,20260711
BUS20263-hbg36sp7-Sunday-02,0,0,0,0,0,0,1,20260614,20260614
BUS20263-hbg36wk1-Weekday-02,1,0,1,1,0,0,0,20260615,20260625
BUS20263-hbl36f21-Weekday-02,0,0,0,0,1,0,0,20260626,20260626
BUS20263-hbl36j47-Sunday-02,0,0,0,0,0,0,0,20260704,20260704
BUS20263-hbl36s21-Weekday-02,1,1,1,1,0,0,0,20260629,20260827
BUS20263-hbl36s31-Weekday-02,0,0,0,0,1,0,0,20260710,20260828
BUS20263-hbl36w21-Weekday-02,1,1,1,1,0,0,0,20260615,20260625
BUS20263-hbq36017-Sunday-02,0,0,0,0,0,0,1,20260621,20260830
BUS20263-hbq36fn1-Weekday-02,1,0,0,1,1,0,0,20260619,20260619
BUS20263-hbq36fr1-Weekday-02,0,0,0,0,1,0,0,20260904,20260904
BUS20263-hbq36fs1-Weekday-02,0,1,0,0,0,0,0,20260616,20260623
BUS20263-hbq36j47-Sunday-02,0,0,0,0,0,0,0,20260704,20260704
BUS20263-hbq36sf1-Weekday-02,0,0,0,0,1,0,0,20260710,20260828
BUS20263-hbq36sn1-Weekday-02,1,1,1,1,0,0,0,20260630,20260827
BUS20263-hbq36sp7-Sunday-02,0,0,0,0,0,0,1,20260614,20260614
BUS20263-hbq36wk1-Weekday-02,1,0,1,1,0,0,0,20260615,20260625
BUS20263-hbs36016-Saturday-02,0,0,0,0,0,1,0,20260620,20260905
BUS20263-hbs36f21-Weekday-02,0,0,0,0,1,0,0,20260626,20260626
BUS20263-hbs36j47-Sunday-02,0,0,0,0,0,0,0,20260704,20260704
BUS20263-hbs36s21-Weekday-02,1,1,1,1,0,0,0,20260629,20260827
BUS20263-hbs36s31-Weekday-02,0,0,0,0,1,0,0,20260710,20260828
BUS20263-hbs36sp6-Saturday-02,0,0,0,0,0,1,0,20260711,20260711
BUS20263-hbs36w21-Weekday-02,1,1,1,1,0,0,0,20260615,20260625
BUS20263-hbt36017-Sunday-02,0,0,0,0,0,0,1,20260621,20260830
BUS20263-hbt36fn1-Weekday-02,1,0,0,1,1,0,0,20260619,20260619
BUS20263-hbt36fr1-Weekday-02,0,0,0,0,1,0,0,20260904,20260904
BUS20263-hbt36fs1-Weekday-02,0,1,0,0,0,0,0,20260616,20260623
BUS20263-hbt36j47-Sunday-02,0,0,0,0,0,0,0,20260704,20260704
BUS20263-hbt36sf1-Weekday-02,0,0,0,0,1,0,0,20260710,20260828
BUS20263-hbt36sn1-Weekday-02,1,1,1,1,0,0,0,20260630,20260827
BUS20263-hbt36sp7-Sunday-02,0,0,0,0,0,0,1,20260614,20260614
BUS20263-hbt36wk1-Weekday-02,1,0,1,1,0,0,0,20260615,20260625
Boat-EastBoston-Saturday-Summer-26,0,0,0,0,0,1,0,20260530,20260905
Boat-EastBoston-Sunday-Summer-26,0,0,0,0,0,0,1,20260531,20260830
Boat-EastBoston-Weekday-Summer-26,1,1,1,1,1,0,0,20260529,20260904
Boat-F1-Saturday-Summer-26,0,0,0,0,0,1,0,20260530,20260905
Boat-F1-Sunday-Summer-26,0,0,0,0,0,0,1,20260531,20260830
Boat-F1-Weekday-Summer-26,1,1,1,1,1,0,0,20260529,20260904
Boat-F10-Weekday-Summer-26,1,1,1,1,1,0,0,20260629,20260904
Boat-F2H-Saturday-Summer-26,0,0,0,0,0,1,0,20260530,20260905
Boat-F2H-Sunday-Summer-26,0,0,0,0,0,0,1,20260531,20260830
Boat-F2H-Weekday-Summer-26,1,1,1,1,1,0,0,20260529,20260904
Boat-F4-Saturday-Summer-26,0,0,0,0,0,1,0,20260530,20260905
Boat-F4-Sunday-Summer-26,0,0,0,0,0,0,1,20260531,20260830
Boat-F4-Weekday-Summer-26,1,1,1,1,1,0,0,20260529,20260904
Boat-F6-Weekday-Summer-26,1,1,1,1,1,0,0,20260529,20260904
Boat-F7-Weekday-Summer-26,1,1,1,1,1,0,0,20260529,20260904
Boat-F8-Saturday-Summer-26,0,0,0,0,0,1,0,20260530,20260905
Boat-F8-Sunday-Summer-26,0,0,0,0,0,0,1,20260531,20260830
Boat-Lynn-Saturday-Summer-26,0,0,0,0,0,1,0,20260530,20260905
Boat-Lynn-Sunday-Summer-26,0,0,0,0,0,0,1,20260531,20260830
Boat-Lynn-Weekday-Summer-26,1,1,1,1,1,0,0,20260529,20260904
CR-1-Shuttle-SmrSnd,0,0,0,0,0,0,1,20260614,20260614
CR-1-Shuttle-SmrStd,0,0,0,0,0,1,0,20260613,20260613
CR-FoxboroWalpoleShuttle-SummerWeekday,0,0,0,0,1,0,0,20260529,20260529
CR-NorthBillericaLowell-Saturday,0,0,0,0,0,1,0,20260620,20260627
CR-NorthBillericaLowell-Sunday,0,0,0,0,0,0,1,20260621,20260628
CR-NorthBillericaLowell-Weekday,1,1,1,1,1,0,0,20260608,20260626
CR-WorcesterGrafton-Saturday,0,0,0,0,0,1,0,20260606,20260606
CR-WorcesterGrafton-Sunday,0,0,0,0,0,0,1,20260607,20260607
DIV20262-hlb26hc1-Weekday-01,1,1,1,1,0,0,0,20260601,20260604
DIV20262-hlb26hc1-Weekday-01-S037dae5e,1,1,1,1,0,0,0,20260601,20260604
DIV20262-hlb26hc1-Weekday-01-Sf7c012df,1,1,1,1,0,0,0,20260601,20260604
DIV20262-hlb26hc6-Saturday-01,0,0,0,0,0,1,0,20260530,20260530
DIV20262-hlb26hc6-Saturday-01-S037dae5e,0,0,0,0,0,1,0,20260530,20260530
DIV20262-hlb26hc6-Saturday-01-Sf7c012df,0,0,0,0,0,1,0,20260530,20260530
DIV20262-hlb26hc7-Sunday-01,0,0,0,0,0,0,1,20260531,20260531
DIV20262-hlb26hc7-Sunday-01-S037dae5e,0,0,0,0,0,0,1,20260531,20260531
DIV20262-hlb26hc7-Sunday-01-Sf7c012df,0,0,0,0,0,0,1,20260531,20260531
DIV20262-hlb26hf1-Weekday-01,0,0,0,0,1,0,0,20260605,20260605
DIV20262-hlb26hf1-Weekday-01-S037dae5e,0,0,0,0,1,0,0,20260605,20260605
DIV20262-hlb26hf1-Weekday-01-Sf7c012df,0,0,0,0,1,0,0,20260605,20260605
DIV20262-hmb26wt6-Saturday-01,0,0,0,0,0,1,0,20260606,20260606
DIV20262-hmb26wt7-Sunday-01,0,0,0,0,0,0,1,20260607,20260607
DIV20262-hms26fr1-Weekday-01,0,0,0,0,1,0,0,20260529,20260529
DIV20262-hms26nq1-Weekday-01,0,1,1,0,0,0,0,20260609,20260610
DIV20262-hms26oh6-Saturday-01,0,0,0,0,0,1,0,20260530,20260530
DIV20262-hms26oh7-Sunday-01,0,0,0,0,0,0,1,20260531,20260531
IndependenceDay(Observed),0,0,0,0,0,0,0,20260703,20260703
LRV20262-hlb26011-Weekday-01,1,1,1,1,0,0,0,20260608,20260611
LRV20262-hlb26011-Weekday-01-S037dae5e,1,1,1,1,0,0,0,20260608,20260611
LRV20262-hlb26011-Weekday-01-Sf7c012df,1,1,1,1,0,0,0,20260608,20260611
LRV20262-hlb26016-Saturday-01,0,0,0,0,0,1,0,20260606,20260606
LRV20262-hlb26016-Saturday-01-S037dae5e,0,0,0,0,0,1,0,20260606,20260606
LRV20262-hlb26016-Saturday-01-Sf7c012df,0,0,0,0,0,1,0,20260606,20260606
LRV20262-hlb26017-Sunday-01,0,0,0,0,0,0,1,20260607,20260607
LRV20262-hlb26017-Sunday-01-S037dae5e,0,0,0,0,0,0,1,20260607,20260607
LRV20262-hlb26017-Sunday-01-Sf7c012df,0,0,0,0,0,0,1,20260607,20260607
LRV20262-hlb26fr1-Weekday-01,0,0,0,0,1,0,0,20260529,20260529
LRV20262-hlb26fr1-Weekday-01-S037dae5e,0,0,0,0,1,0,0,20260529,20260529
LRV20262-hlb26fr1-Weekday-01-Sf7c012df,0,0,0,0,1,0,0,20260529,20260529
LRV20262-hlb26sp6-Saturday-01,0,0,0,0,0,1,0,20260613,20260613
LRV20262-hlb26sp6-Saturday-01-S037dae5e,0,0,0,0,0,1,0,20260613,20260613
LRV20262-hlb26sp6-Saturday-01-Sf7c012df,0,0,0,0,0,1,0,20260613,20260613
LRV20262-hlm26017-Sunday-01-Scd2b633c,0,0,0,0,0,0,1,20260531,20260607
LRV20262-hlm26fr1-Weekday-01-Scd2b633c,0,0,0,0,1,0,0,20260529,20260612
LRV20262-hlm26sp6-Saturday-01-Scd2b633c,0,0,0,0,0,1,0,20260613,20260613
LRV20263-alb36011-Weekday-01,1,1,1,1,0,0,0,20260615,20260903
LRV20263-alb36011-Weekday-01-S037dae5e,1,1,1,1,0,0,0,20260615,20260903
LRV20263-alb36011-Weekday-01-Sf7c012df,1,1,1,1,0,0,0,20260615,20260903
LRV20263-hlb36016-Saturday-01,0,0,0,0,0,1,0,20260620,20260905
LRV20263-hlb36016-Saturday-01-S037dae5e,0,0,0,0,0,1,0,20260620,20260905
LRV20263-hlb36016-Saturday-01-Sf7c012df,0,0,0,0,0,1,0,20260620,20260905
LRV20263-hlb36j46-Saturday-01,0,0,0,0,0,0,0,20260704,20260704
LRV20263-hlb36j46-Saturday-01-S037dae5e,0,0,0,0,0,0,0,20260704,20260704
LRV20263-hlb36j46-Saturday-01-Sf7c012df,0,0,0,0,0,0,0,20260704,20260704
LRV20263-hlm36011-Weekday-01-Scd2b633c,1,1,1,1,0,0,0,20260615,20260903
LRV20263-hlm36016-Saturday-01-Scd2b633c,0,0,0,0,0,1,0,20260620,20260905
LRV20263-hlm36j46-Saturday-01-Scd2b633c,0,0,0,0,0,0,0,20260704,20260704
PRIV20262-hpa26011-Weekday-01,1,1,1,1,1,0,0,20260529,20260612
PRIV20262-hpa26sp6-Saturday-01,0,0,0,0,0,1,0,20260530,20260613
PRIV20262-hpa26sp7-Sunday-01,0,0,0,0,0,0,1,20260531,20260607
PRIV20262-hpj26011-Weekday-01,1,1,1,1,1,0,0,20260529,20260612
PRIV20262-hpj26016-Saturday-01,0,0,0,0,0,1,0,20260530,20260613
PRIV20262-hpj26017-Sunday-01,0,0,0,0,0,0,1,20260531,20260607
PRIV20262-hpp26011-Weekday-01,1,1,1,1,1,0,0,20260529,20260612
PRIV20262-hpp26017-Sunday-01,0,0,0,0,0,0,1,20260531,20260607
PRIV20262-hpp26sp6-Saturday-01,0,0,0,0,0,1,0,20260613,20260613
PRIV20263-hpa36011-Weekday-01,1,1,1,1,1,0,0,20260615,20260904
PRIV20263-hpa36sp6-Saturday-01,0,0,0,0,0,1,0,20260620,20260905
PRIV20263-hpa36sp7-Sunday-01,0,0,0,0,0,0,1,20260614,20260830
PRIV20263-hpj36011-Weekday-01,1,1,1,1,1,0,0,20260615,20260904
PRIV20263-hpj36016-Saturday-01,0,0,0,0,0,1,0,20260620,20260905
PRIV20263-hpj36017-Sunday-01,0,0,0,0,0,0,1,20260614,20260830
PRIV20263-hpp36016-Saturday-01,0,0,0,0,0,1,0,20260620,20260905
PRIV20263-hpp36021-Weekday-01,1,1,1,1,1,0,0,20260615,20260904
PRIV20263-hpp36j47-Sunday-01,0,0,0,0,0,0,0,20260704,20260704
PRIV20263-hpp36sp6-Saturday-01,0,0,0,0,0,1,0,20260711,20260711
RTL20262-hmb26016-Saturday-01,0,0,0,0,0,1,0,20260530,20260530
RTL20262-hmb26017-Sunday-01,0,0,0,0,0,0,1,20260531,20260531
RTL20262-hmb26fr1-Weekday-01,0,0,0,0,1,0,0,20260529,20260612
RTL20262-hmb26sp6-Saturday-01,0,0,0,0,0,1,0,20260613,20260613
RTL20262-hmo26017-Sunday-01,0,0,0,0,0,0,1,20260531,20260607
RTL20262-hmo26fr1-Weekday-01,0,0,0,0,1,0,0,20260529,20260612
RTL20262-hmo26sp6-Saturday-01,0,0,0,0,0,1,0,20260613,20260613
RTL20262-hms26011-Weekday-01,1,1,1,1,0,0,0,20260601,20260608
RTL20262-hms26016-Saturday-01,0,0,0,0,0,1,0,20260606,20260606
RTL20262-hms26017-Sunday-01,0,0,0,0,0,0,1,20260607,20260607
RTL20262-hms26fr1-Weekday-01,0,0,0,0,1,0,0,20260605,20260612
RTL20262-hms26sp6-Saturday-01,0,0,0,0,0,1,0,20260613,20260613
RTL20263-hmb36011-Weekday-01,1,1,1,1,0,0,0,20260615,20260903
RTL20263-hmb36016-Saturday-01,0,0,0,0,0,1,0,20260620,20260905
RTL20263-hmb36j46-Saturday-01,0,0,0,0,0,0,0,20260704,20260704
RTL20263-hmo36011-Weekday-01,1,1,1,1,0,0,0,20260615,20260903
RTL20263-hmo36j46-Saturday-01,0,0,0,0,0,0,0,20260704,20260704
RTL20263-hms36011-Weekday-01,1,1,1,1,0,0,0,20260615,20260903
RTL20263-hms36j46-Saturday-01,0,0,0,0,0,0,0,20260704,20260704
SPRING2026-NORTHSS-Weekend-1,0,0,0,0,0,1,1,20260530,20260905
SPRING2026-NORTHSS-Weekend-1-S6561ad1d,0,0,0,0,0,1,1,20260530,20260905
SPRING2026-NORTHSS-Weekend-1-S7d8482ee,0,0,0,0,0,1,1,20260530,20260905
SPRING2026-NORTHSS-Weekend-1-S9d378dcf,0,0,0,0,0,1,1,20260530,20260905
SPRING2026-NORTHSS-Weekend-8,0,0,0,0,0,1,1,20260620,20260628
SPRING2026-NORTHSS-Weekend-8-S6561ad1d,0,0,0,0,0,1,1,20260620,20260628
SPRING2026-NORTHSS-Weekend-8-S7d8482ee,0,0,0,0,0,1,1,20260620,20260628
SPRING2026-NORTHSS-Weekend-8-S9d378dcf,0,0,0,0,0,1,1,20260620,20260628
SPRING2026-NORTHWKD-Weekday-1,1,1,1,1,1,0,0,20260713,20260904
SPRING2026-NORTHWKD-Weekday-1-S6561ad1d,1,1,1,1,1,0,0,20260713,20260904
SPRING2026-NORTHWKD-Weekday-1-S7d8482ee,1,1,1,1,1,0,0,20260713,20260904
SPRING2026-NORTHWKD-Weekday-1-S9d378dcf,1,1,1,1,1,0,0,20260713,20260904
SPRING2026-NORTHWKD-Weekday-5,1,1,1,1,0,0,0,20260629,20260709
SPRING2026-NORTHWKD-Weekday-5-S6561ad1d,1,1,1,1,0,0,0,20260629,20260709
SPRING2026-NORTHWKD-Weekday-5-S7d8482ee,1,1,1,1,0,0,0,20260629,20260709
SPRING2026-NORTHWKD-Weekday-5-S9d378dcf,1,1,1,1,0,0,0,20260629,20260709
SPRING2026-NORTHWKD-Weekday-8,1,1,1,1,1,0,0,20260608,20260626
SPRING2026-NORTHWKD-Weekday-8-S6561ad1d,1,1,1,1,1,0,0,20260608,20260626
SPRING2026-NORTHWKD-Weekday-8-S7d8482ee,1,1,1,1,1,0,0,20260608,20260626
SPRING2026-NORTHWKD-Weekday-8-S9d378dcf,1,1,1,1,1,0,0,20260608,20260626
SPRING2026-SOUTHSS-Weekend-1,0,0,0,0,0,1,1,20260718,20260905
SPRING2026-SOUTHSS-Weekend-1-S0b87ffae,0,0,0,0,0,1,1,20260718,20260905
SPRING2026-SOUTHSS-Weekend-1-S4011ecb9,0,0,0,0,0,1,1,20260718,20260905
SPRING2026-SOUTHSS-Weekend-1-S85407dc6,0,0,0,0,0,1,1,20260718,20260905
SPRING2026-SOUTHSS-Weekend-1-Sb0e4ed14,0,0,0,0,0,1,1,20260718,20260905
SPRING2026-SOUTHSS-Weekend-1-Sb7371956,0,0,0,0,0,1,1,20260718,20260905
SPRING2026-SOUTHSS-Weekend-1-Sc9a3b080,0,0,0,0,0,1,1,20260718,20260905
SPRING2026-SOUTHSS-Weekend-1-Scb37d3c2,0,0,0,0,0,1,1,20260718,20260905
SPRING2026-SOUTHSS-Weekend-1-Sd88ed885,0,0,0,0,0,1,1,20260718,20260905
SPRING2026-SOUTHSS-Weekend-10,0,0,0,0,0,1,0,20260530,20260530
SPRING2026-SOUTHSS-Weekend-10-S0b87ffae,0,0,0,0,0,1,0,20260530,20260530
SPRING2026-SOUTHSS-Weekend-10-S4011ecb9,0,0,0,0,0,1,0,20260530,20260530
SPRING2026-SOUTHSS-Weekend-10-S85407dc6,0,0,0,0,0,1,0,20260530,20260530
SPRING2026-SOUTHSS-Weekend-10-Sb0e4ed14,0,0,0,0,0,1,0,20260530,20260530
SPRING2026-SOUTHSS-Weekend-10-Sb7371956,0,0,0,0,0,1,0,20260530,20260530
SPRING2026-SOUTHSS-Weekend-10-Sc9a3b080,0,0,0,0,0,1,0,20260530,20260530
SPRING2026-SOUTHSS-Weekend-10-Scb37d3c2,0,0,0,0,0,1,0,20260530,20260530
SPRING2026-SOUTHSS-Weekend-10-Sd88ed885,0,0,0,0,0,1,0,20260530,20260530
SPRING2026-SOUTHSS-Weekend-40,0,0,0,0,0,1,1,20260613,20260614
SPRING2026-SOUTHSS-Weekend-40-Sb0e4ed14,0,0,0,0,0,1,1,20260613,20260614
SPRING2026-SOUTHSS-Weekend-40-Sb7371956,0,0,0,0,0,1,1,20260613,20260614
SPRING2026-SOUTHSS-Weekend-40-Sc9a3b080,0,0,0,0,0,1,1,20260613,20260614
SPRING2026-SOUTHSS-Weekend-40-Scb37d3c2,0,0,0,0,0,1,1,20260613,20260614
SPRING2026-SOUTHSS-Weekend-40-Sd88ed885,0,0,0,0,0,1,1,20260613,20260614
SPRING2026-SOUTHSS-Weekend-5,0,0,0,0,0,1,1,20260620,20260712
SPRING2026-SOUTHSS-Weekend-5-S0b87ffae,0,0,0,0,0,1,1,20260620,20260712
SPRING2026-SOUTHSS-Weekend-5-S4011ecb9,0,0,0,0,0,1,1,20260620,20260712
SPRING2026-SOUTHSS-Weekend-5-S85407dc6,0,0,0,0,0,1,1,20260620,20260712
SPRING2026-SOUTHSS-Weekend-5-Sb0e4ed14,0,0,0,0,0,1,1,20260620,20260712
SPRING2026-SOUTHSS-Weekend-5-Sb7371956,0,0,0,0,0,1,1,20260620,20260712
SPRING2026-SOUTHSS-Weekend-5-Sc9a3b080,0,0,0,0,0,1,1,20260620,20260712
SPRING2026-SOUTHSS-Weekend-5-Scb37d3c2,0,0,0,0,0,1,1,20260620,20260712
SPRING2026-SOUTHSS-Weekend-5-Sd88ed885,0,0,0,0,0,1,1,20260620,20260712
SPRING2026-SOUTHSS-Weekend-7,0,0,0,0,0,0,1,20260607,20260607
SPRING2026-SOUTHSS-Weekend-7-S0b87ffae,0,0,0,0,0,0,1,20260607,20260607
SPRING2026-SOUTHSS-Weekend-7-S4011ecb9,0,0,0,0,0,0,1,20260607,20260607
SPRING2026-SOUTHSS-Weekend-7-S85407dc6,0,0,0,0,0,0,1,20260607,20260607
SPRING2026-SOUTHSS-Weekend-7-Sb0e4ed14,0,0,0,0,0,0,1,20260607,20260607
SPRING2026-SOUTHSS-Weekend-7-Sb7371956,0,0,0,0,0,0,1,20260607,20260607
SPRING2026-SOUTHSS-Weekend-7-Sc9a3b080,0,0,0,0,0,0,1,20260607,20260607
SPRING2026-SOUTHSS-Weekend-7-Scb37d3c2,0,0,0,0,0,0,1,20260607,20260607
SPRING2026-SOUTHSS-Weekend-7-Sd88ed885,0,0,0,0,0,0,1,20260607,20260607
SPRING2026-SOUTHWKD-Weekday-1,1,1,1,1,1,0,0,20260713,20260904
SPRING2026-SOUTHWKD-Weekday-1-5-S49,0,0,0,0,1,0,0,20260717,20260904
SPRING2026-SOUTHWKD-Weekday-1-S0b87ffae,1,1,1,1,1,0,0,20260713,20260904
SPRING2026-SOUTHWKD-Weekday-1-S85407dc6,1,1,1,1,1,0,0,20260713,20260904
SPRING2026-SOUTHWKD-Weekday-1-Sb0e4ed14,1,1,1,1,1,0,0,20260713,20260904
SPRING2026-SOUTHWKD-Weekday-1-Sb7371956,1,1,1,1,1,0,0,20260713,20260904
SPRING2026-SOUTHWKD-Weekday-1-Sc9a3b080,1,1,1,1,1,0,0,20260713,20260904
SPRING2026-SOUTHWKD-Weekday-1-Scb37d3c2,1,1,1,1,1,0,0,20260713,20260904
SPRING2026-SOUTHWKD-Weekday-1-Sd88ed885,1,1,1,1,1,0,0,20260713,20260904
SPRING2026-SOUTHWKD-Weekday-11,0,0,0,0,1,0,0,20260605,20260605
SPRING2026-SOUTHWKD-Weekday-11-S0f,0,0,0,0,1,0,0,20260605,20260605
SPRING2026-SOUTHWKD-Weekday-11-S86,0,0,0,0,1,0,0,20260605,20260605
SPRING2026-SOUTHWKD-Weekday-11-Sb4,0,0,0,0,1,0,0,20260605,20260605
SPRING2026-SOUTHWKD-Weekday-11-Sb6,0,0,0,0,1,0,0,20260605,20260605
SPRING2026-SOUTHWKD-Weekday-11-Sc0,0,0,0,0,1,0,0,20260605,20260605
SPRING2026-SOUTHWKD-Weekday-11-Sc2,0,0,0,0,1,0,0,20260605,20260605
SPRING2026-SOUTHWKD-Weekday-11-Sd5,0,0,0,0,1,0,0,20260605,20260605
SPRING2026-SOUTHWKD-Weekday-42,0,1,0,0,1,0,0,20260616,20260626
SPRING2026-SOUTHWKD-Weekday-42-S0f,0,1,0,0,1,0,0,20260616,20260626
SPRING2026-SOUTHWKD-Weekday-42-Sb4,0,1,0,0,1,0,0,20260616,20260626
SPRING2026-SOUTHWKD-Weekday-42-Sb6,0,1,0,0,1,0,0,20260616,20260626
SPRING2026-SOUTHWKD-Weekday-42-Sc0,0,1,0,0,1,0,0,20260616,20260626
SPRING2026-SOUTHWKD-Weekday-42-Sc2,0,1,0,0,1,0,0,20260616,20260626
SPRING2026-SOUTHWKD-Weekday-42-Sd5,0,1,0,0,1,0,0,20260616,20260626
SPRING2026-SOUTHWKD-Weekday-5,1,1,1,1,0,0,0,20260608,20260708
SPRING2026-SOUTHWKD-Weekday-5-5-S49,0,0,0,0,1,0,0,20260612,20260710
SPRING2026-SOUTHWKD-Weekday-5-S0b87ffae,1,1,1,1,0,0,0,20260608,20260708
SPRING2026-SOUTHWKD-Weekday-5-S85407dc6,1,1,1,1,0,0,0,20260608,20260708
SPRING2026-SOUTHWKD-Weekday-5-Sb0e4ed14,1,1,1,1,0,0,0,20260608,20260708
SPRING2026-SOUTHWKD-Weekday-5-Sb7371956,1,1,1,1,0,0,0,20260608,20260708
SPRING2026-SOUTHWKD-Weekday-5-Sc9a3b080,1,1,1,1,0,0,0,20260608,20260708
SPRING2026-SOUTHWKD-Weekday-5-Scb37d3c2,1,1,1,1,0,0,0,20260608,20260708
SPRING2026-SOUTHWKD-Weekday-5-Sd88ed885,1,1,1,1,0,0,0,20260608,20260708
Spring/SummerSaturday,0,0,0,0,0,1,0,20260606,20260606
Spring/SummerSunday,0,0,0,0,0,0,1,20260531,20260531
Spring/SummerWeekday,0,0,0,0,1,0,0,20260529,20260529
SpringSaturday,0,0,0,0,0,1,0,20260530,20260606
SpringWeekday,1,1,1,1,0,0,0,20260601,20260611
SummerSaturday,0,0,0,0,0,1,0,20260620,20260905
SummerSunday,0,0,0,0,0,0,1,20260614,20260830
SummerWeekday,0,0,0,0,1,0,0,20260616,20260904
canonical,0,0,0,0,0,0,0,20260529,20260905
fare_free_cr_fri_past_midnight,0,0,0,0,0,1,0,20260606,20260829
fare_free_cr_fridays,0,0,0,0,1,0,0,20260605,20260828
fare_regular,1,1,1,1,0,0,1,20260529,20260903
