added_route_id,trip_id
Boat-F6,Boat-F8-0845-Winthrop-F8-A-Saturday-Summer-26
Boat-F7,Boat-F8-0845-Winthrop-F8-A-Saturday-Summer-26
Boat-F6,Boat-F8-1030-Winthrop-F8-A-Saturday-Summer-26
Boat-F7,Boat-F8-1030-Winthrop-F8-A-Saturday-Summer-26
Boat-F6,Boat-F8-1500-Winthrop-F8-A-Saturday-Summer-26
Boat-F7,Boat-F8-1500-Winthrop-F8-A-Saturday-Summer-26
Boat-F6,Boat-F8-1645-Winthrop-F8-A-Saturday-Summer-26
Boat-F7,Boat-F8-1645-Winthrop-F8-A-Saturday-Summer-26
Boat-F6,Boat-F8-1830-Winthrop-F8-A-Saturday-Summer-26
Boat-F7,Boat-F8-1830-Winthrop-F8-A-Saturday-Summer-26
Boat-F6,Boat-F8-2015-Winthrop-F8-A-Saturday-Summer-26
Boat-F7,Boat-F8-2015-Winthrop-F8-A-Saturday-Summer-26
Boat-F6,Boat-F8-1215-Winthrop-F8-A-Saturday-Summer-26
Boat-F7,Boat-F8-1215-Winthrop-F8-A-Saturday-Summer-26
Boat-F6,Boat-F8-2200-Winthrop-F8-A-Saturday-Summer-26
Boat-F7,Boat-F8-2200-Winthrop-F8-A-Saturday-Summer-26
Boat-F6,Boat-F8-0845-Winthrop-F8-A-Sunday-Summer-26
Boat-F7,Boat-F8-0845-Winthrop-F8-A-Sunday-Summer-26
Boat-F6,Boat-F8-1030-Winthrop-F8-A-Sunday-Summer-26
Boat-F7,Boat-F8-1030-Winthrop-F8-A-Sunday-Summer-26
Boat-F6,Boat-F8-1500-Winthrop-F8-A-Sunday-Summer-26
Boat-F7,Boat-F8-1500-Winthrop-F8-A-Sunday-Summer-26
Boat-F6,Boat-F8-1645-Winthrop-F8-A-Sunday-Summer-26
Boat-F7,Boat-F8-1645-Winthrop-F8-A-Sunday-Summer-26
Boat-F6,Boat-F8-1830-Winthrop-F8-A-Sunday-Summer-26
Boat-F7,Boat-F8-1830-Winthrop-F8-A-Sunday-Summer-26
Boat-F6,Boat-F8-2015-Winthrop-F8-A-Sunday-Summer-26
Boat-F7,Boat-F8-2015-Winthrop-F8-A-Sunday-Summer-26
Boat-F6,Boat-F8-1215-Winthrop-F8-A-Sunday-Summer-26
Boat-F7,Boat-F8-1215-Winthrop-F8-A-Sunday-Summer-26
Boat-F6,Boat-F8-2200-Winthrop-F8-A-Sunday-Summer-26
Boat-F7,Boat-F8-2200-Winthrop-F8-A-Sunday-Summer-26
Boat-F2H,Boat-F1-1300-Rowes-F1-C-PM-Saturday-Summer-26
Boat-F2H,Boat-F1-1530-Rowes-F1-C-PM-Saturday-Summer-26
Boat-F2H,Boat-F1-1730-Rowes-F1-C-PM-Saturday-Summer-26
Boat-F2H,Boat-F1-2015-Rowes-F1-C-PM-Saturday-Summer-26
Boat-F2H,Boat-F1-1300-Rowes-F1-C-PM-Sunday-Summer-26
Boat-F2H,Boat-F1-1530-Rowes-F1-C-PM-Sunday-Summer-26
Boat-F2H,Boat-F1-1730-Rowes-F1-C-PM-Sunday-Summer-26
Boat-F2H,Boat-F1-2015-Rowes-F1-C-PM-Sunday-Summer-26
Boat-F2H,Boat-F1-0645-Rowes-F1-A-AM-Weekday-Summer-26
Boat-F2H,Boat-F1-0715-Rowes-F1-B-Weekday-Summer-26
Boat-F2H,Boat-F1-0735-Rowes-F1-C-AM-Weekday-Summer-26
Boat-F2H,Boat-F1-0800-Rowes-F1-D-AM-Weekday-Summer-26
Boat-F2H,Boat-F1-0830-Rowes-F1-A-AM-Weekday-Summer-26
Boat-F2H,Boat-F1-1000-Rowes-F1-B-Weekday-Summer-26
Boat-F2H,Boat-F1-1330-Rowes-F1-B-Weekday-Summer-26
Boat-F2H,Boat-F1-1525-Rowes-F1-B-Weekday-Summer-26
Boat-F2H,Boat-F1-1600-Rowes-F1-C-PM-Weekday-Summer-26
Boat-F2H,Boat-F1-1630-Rowes-F1-D-PM-Weekday-Summer-26
Boat-F2H,Boat-F1-1700-Rowes-F1-B-Weekday-Summer-26
Boat-F2H,Boat-F1-1720-Rowes-F1-A-PM-Weekday-Summer-26
Boat-F2H,Boat-F1-1740-Rowes-F1-C-PM-Weekday-Summer-26
Boat-F2H,Boat-F1-1800-Rowes-F1-D-PM-Weekday-Summer-26
Boat-F2H,Boat-F1-1830-Rowes-F1-B-Weekday-Summer-26
Boat-F2H,Boat-F1-1900-Rowes-F1-A-PM-Weekday-Summer-26
Boat-F2H,Boat-F1-1930-Rowes-F1-D-PM-Weekday-Summer-26
Boat-F2H,Boat-F1-2030-Rowes-F1-A-PM-Weekday-Summer-26
Boat-F2H,Boat-F1-1030-Hingham-F1-C-AM-Saturday-Summer-26
Boat-F2H,Boat-F1-1430-Hingham-F1-C-PM-Saturday-Summer-26
Boat-F2H,Boat-F1-1630-Hingham-F1-C-PM-Saturday-Summer-26
Boat-F2H,Boat-F1-1920-Hingham-F1-C-PM-Saturday-Summer-26
Boat-F2H,Boat-F1-1030-Hingham-F1-C-AM-Sunday-Summer-26
Boat-F2H,Boat-F1-1430-Hingham-F1-C-PM-Sunday-Summer-26
Boat-F2H,Boat-F1-1630-Hingham-F1-C-PM-Sunday-Summer-26
Boat-F2H,Boat-F1-1920-Hingham-F1-C-PM-Sunday-Summer-26
Boat-F2H,Boat-F1-0600-Hingham-F1-A-AM-Weekday-Summer-26
Boat-F2H,Boat-F1-0630-Hingham-F1-B-Weekday-Summer-26
Boat-F2H,Boat-F1-0650-Hingham-F1-C-AM-Weekday-Summer-26
Boat-F2H,Boat-F1-0715-Hingham-F1-D-AM-Weekday-Summer-26
Boat-F2H,Boat-F1-0745-Hingham-F1-A-AM-Weekday-Summer-26
Boat-F2H,Boat-F1-0800-Hingham-F1-B-Weekday-Summer-26
Boat-F2H,Boat-F1-0820-Hingham-F1-C-AM-Weekday-Summer-26
Boat-F2H,Boat-F1-0845-Hingham-F1-D-AM-Weekday-Summer-26
Boat-F2H,Boat-F1-0915-Hingham-F1-A-AM-Weekday-Summer-26
Boat-F2H,Boat-F1-1100-Hingham-F1-B-Weekday-Summer-26
Boat-F2H,Boat-F1-1430-Hingham-F1-B-Weekday-Summer-26
Boat-F2H,Boat-F1-1610-Hingham-F1-B-Weekday-Summer-26
Boat-F2H,Boat-F1-1645-Hingham-F1-C-PM-Weekday-Summer-26
Boat-F2H,Boat-F1-1720-Hingham-F1-D-PM-Weekday-Summer-26
Boat-F2H,Boat-F1-1745-Hingham-F1-B-Weekday-Summer-26
Boat-F2H,Boat-F1-1810-Hingham-F1-A-PM-Weekday-Summer-26
Boat-F2H,Boat-F1-1840-Hingham-F1-D-PM-Weekday-Summer-26
Boat-F2H,Boat-F1-1940-Hingham-F1-A-PM-Weekday-Summer-26
441,75809417
442,75809417
441,75809418
442,75809418
441,75797077
442,75797077
441,75791574
442,75791574
441,77164641
442,77164641
441,77164642
442,77164642
441,77165937
442,77165937
441,77089866
442,77089866
441,77089867
442,77089867
441,77167166
442,77167166
441,77173856
442,77173856
441,77169603
442,77169603
441,75809412
442,75809412
441,75809413
442,75809413
441,75809414
442,75809414
441,75796872
442,75796872
441,75796960
442,75796960
441,75791369
442,75791369
441,75791457
442,75791457
441,77164636
442,77164636
441,77164637
442,77164637
441,77164638
442,77164638
441,77165732
442,77165732
441,77165820
442,77165820
441,77089861
442,77089861
441,77089862
442,77089862
441,77089863
442,77089863
441,77166963
442,77166963
441,77167051
442,77167051
441,77173653
442,77173653
441,77173741
442,77173741
441,77169398
442,77169398
441,77169486
442,77169486
741,75633662
742,75633662
743,75633662
741,75634003
742,75634003
743,75634003
741,75634005
742,75634005
743,75634005
741,75634006
742,75634006
743,75634006
741,75634007
742,75634007
743,75634007
741,75634011
742,75634011
743,75634011
741,75634013
742,75634013
743,75634013
741,75634014
742,75634014
743,75634014
741,75634017
742,75634017
743,75634017
741,75634018
742,75634018
743,75634018
741,75634024
742,75634024
743,75634024
741,75634028
742,75634028
743,75634028
741,75634037
742,75634037
743,75634037
741,75634040
742,75634040
743,75634040
741,75634045
742,75634045
743,75634045
741,75634057
742,75634057
743,75634057
741,75634058
742,75634058
743,75634058
741,75634067
742,75634067
743,75634067
741,75634108
742,75634108
743,75634108
741,75634113
742,75634113
743,75634113
741,75634114
742,75634114
743,75634114
741,75634115
742,75634115
743,75634115
741,75634117
742,75634117
743,75634117
741,75634119
742,75634119
743,75634119
741,75634120
742,75634120
743,75634120
741,75634123
742,75634123
743,75634123
741,75634124
742,75634124
743,75634124
741,75634125
742,75634125
743,75634125
741,75634313
742,75634313
743,75634313
741,75634391
742,75634391
743,75634391
741,75634395
742,75634395
743,75634395
741,75634819
742,75634819
743,75634819
741,75634820
742,75634820
743,75634820
741,75634821
742,75634821
743,75634821
741,75634822
742,75634822
743,75634822
741,75634823
742,75634823
743,75634823
741,75634824
742,75634824
743,75634824
741,75634825
742,75634825
743,75634825
741,75634826
742,75634826
743,75634826
741,75634827
742,75634827
743,75634827
741,75634828
742,75634828
743,75634828
741,75634829
742,75634829
743,75634829
741,75642012
742,75642012
743,75642012
741,75642035
742,75642035
743,75642035
741,75642102
742,75642102
743,75642102
741,75642128
742,75642128
743,75642128
741,75642129
742,75642129
743,75642129
741,75642177
742,75642177
743,75642177
741,75642501
742,75642501
743,75642501
741,75642503
742,75642503
743,75642503
741,75642505
742,75642505
743,75642505
741,75642506
742,75642506
743,75642506
741,75642508
742,75642508
743,75642508
741,75642511
742,75642511
743,75642511
741,75642514
742,75642514
743,75642514
741,75642516
742,75642516
743,75642516
741,75642520
742,75642520
743,75642520
741,75642521
742,75642521
743,75642521
741,75642522
742,75642522
743,75642522
741,75642523
742,75642523
743,75642523
741,75642524
742,75642524
743,75642524
741,75642529
742,75642529
743,75642529
741,75642530
742,75642530
743,75642530
741,75642531
742,75642531
743,75642531
741,75642532
742,75642532
743,75642532
741,75642534
742,75642534
743,75642534
741,75642535
742,75642535
743,75642535
741,75642536
742,75642536
743,75642536
741,75642538
742,75642538
743,75642538
741,75642541
742,75642541
743,75642541
741,75642544
742,75642544
743,75642544
741,75642547
742,75642547
743,75642547
741,75642548
742,75642548
743,75642548
741,75642549
742,75642549
743,75642549
741,75642552
742,75642552
743,75642552
741,75642571
742,75642571
743,75642571
741,75642992
742,75642992
743,75642992
741,75642993
742,75642993
743,75642993
741,75642994
742,75642994
743,75642994
741,75642995
742,75642995
743,75642995
741,75642996
742,75642996
743,75642996
741,75642997
742,75642997
743,75642997
741,75642998
742,75642998
743,75642998
741,75642999
742,75642999
743,75642999
741,75643000
742,75643000
743,75643000
741,75643001
742,75643001
743,75643001
741,75643002
742,75643002
743,75643002
741,75643003
742,75643003
743,75643003
741,75643005
742,75643005
743,75643005
741,75624235
742,75624235
743,75624235
741,75624236
742,75624236
743,75624236
741,75624260
742,75624260
743,75624260
741,75624336
742,75624336
743,75624336
741,75624654
742,75624654
743,75624654
741,75624739
742,75624739
743,75624739
741,75624860
742,75624860
743,75624860
741,75625155
742,75625155
743,75625155
741,75625165
742,75625165
743,75625165
741,75625166
742,75625166
743,75625166
741,75625186
742,75625186
743,75625186
741,75625190
742,75625190
743,75625190
741,75625198
742,75625198
743,75625198
741,75625208
742,75625208
743,75625208
741,75625210
742,75625210
743,75625210
741,75625211
742,75625211
743,75625211
741,75625216
742,75625216
743,75625216
741,75625224
742,75625224
743,75625224
741,75625226
742,75625226
743,75625226
741,75625228
742,75625228
743,75625228
741,75625230
742,75625230
743,75625230
741,75625232
742,75625232
743,75625232
741,75625238
742,75625238
743,75625238
741,75625239
742,75625239
743,75625239
741,75625241
742,75625241
743,75625241
741,75625243
742,75625243
743,75625243
741,75625245
742,75625245
743,75625245
741,75625248
742,75625248
743,75625248
741,75625249
742,75625249
743,75625249
741,75625252
742,75625252
743,75625252
741,75625257
742,75625257
743,75625257
741,75625258
742,75625258
743,75625258
741,75625261
742,75625261
743,75625261
741,75625269
742,75625269
743,75625269
741,75625274
742,75625274
743,75625274
741,75625281
742,75625281
743,75625281
741,75625291
742,75625291
743,75625291
741,75625292
742,75625292
743,75625292
741,75625294
742,75625294
743,75625294
741,75625303
742,75625303
743,75625303
741,75625306
742,75625306
743,75625306
741,75625311
742,75625311
743,75625311
741,75625316
742,75625316
743,75625316
741,75625321
742,75625321
743,75625321
741,75625328
742,75625328
743,75625328
741,75625329
742,75625329
743,75625329
741,75625330
742,75625330
743,75625330
741,75625334
742,75625334
743,75625334
741,75625340
742,75625340
743,75625340
741,75625367
742,75625367
743,75625367
741,75625382
742,75625382
743,75625382
741,75625416
742,75625416
743,75625416
741,75625642
742,75625642
743,75625642
741,75625729
742,75625729
743,75625729
741,75626051
742,75626051
743,75626051
741,75626052
742,75626052
743,75626052
741,75626054
742,75626054
743,75626054
741,75626058
742,75626058
743,75626058
741,75626062
742,75626062
743,75626062
741,75626064
742,75626064
743,75626064
741,75626065
742,75626065
743,75626065
741,75626069
742,75626069
743,75626069
741,75626071
742,75626071
743,75626071
741,75626074
742,75626074
743,75626074
741,75626075
742,75626075
743,75626075
741,75626076
742,75626076
743,75626076
741,75626077
742,75626077
743,75626077
741,75626078
742,75626078
743,75626078
741,75626080
742,75626080
743,75626080
741,75631394
742,75631394
743,75631394
741,75631717
742,75631717
743,75631717
741,75631719
742,75631719
743,75631719
741,75631720
742,75631720
743,75631720
741,75631721
742,75631721
743,75631721
741,75631725
742,75631725
743,75631725
741,75631727
742,75631727
743,75631727
741,75631728
742,75631728
743,75631728
741,75631731
742,75631731
743,75631731
741,75631732
742,75631732
743,75631732
741,75631735
742,75631735
743,75631735
741,75631737
742,75631737
743,75631737
741,75631741
742,75631741
743,75631741
741,75631744
742,75631744
743,75631744
741,75631746
742,75631746
743,75631746
741,75631758
742,75631758
743,75631758
741,75631759
742,75631759
743,75631759
741,75631768
742,75631768
743,75631768
741,75631809
742,75631809
743,75631809
741,75631814
742,75631814
743,75631814
741,75631815
742,75631815
743,75631815
741,75631816
742,75631816
743,75631816
741,75631818
742,75631818
743,75631818
741,75631820
742,75631820
743,75631820
741,75631821
742,75631821
743,75631821
741,75631824
742,75631824
743,75631824
741,75631825
742,75631825
743,75631825
741,75631826
742,75631826
743,75631826
741,75632118
742,75632118
743,75632118
741,75632148
742,75632148
743,75632148
741,75632295
742,75632295
743,75632295
741,75632323
742,75632323
743,75632323
741,75632326
742,75632326
743,75632326
741,75632387
742,75632387
743,75632387
741,75632733
742,75632733
743,75632733
741,75632734
742,75632734
743,75632734
741,75632735
742,75632735
743,75632735
741,75632736
742,75632736
743,75632736
741,75632737
742,75632737
743,75632737
741,75632738
742,75632738
743,75632738
741,75632739
742,75632739
743,75632739
741,75632740
742,75632740
743,75632740
741,75632741
742,75632741
743,75632741
741,75632742
742,75632742
743,75632742
741,75632743
742,75632743
743,75632743
741,75632744
742,75632744
743,75632744
741,75632745
742,75632745
743,75632745
741,75632746
742,75632746
743,75632746
741,75632747
742,75632747
743,75632747
741,75647396
742,75647396
743,75647396
741,75647397
742,75647397
743,75647397
741,75647420
742,75647420
743,75647420
741,75647496
742,75647496
743,75647496
741,75648138
742,75648138
743,75648138
741,75648199
742,75648199
743,75648199
741,75648305
742,75648305
743,75648305
741,75648460
742,75648460
743,75648460
741,75648470
742,75648470
743,75648470
741,75648471
742,75648471
743,75648471
741,75648485
742,75648485
743,75648485
741,75648491
742,75648491
743,75648491
741,75648496
742,75648496
743,75648496
741,75648506
742,75648506
743,75648506
741,75648508
742,75648508
743,75648508
741,75648509
742,75648509
743,75648509
741,75648512
742,75648512
743,75648512
741,75648520
742,75648520
743,75648520
741,75648522
742,75648522
743,75648522
741,75648523
742,75648523
743,75648523
741,75648525
742,75648525
743,75648525
741,75648527
742,75648527
743,75648527
741,75648531
742,75648531
743,75648531
741,75648532
742,75648532
743,75648532
741,75648533
742,75648533
743,75648533
741,75648536
742,75648536
743,75648536
741,75648538
742,75648538
743,75648538
741,75648541
742,75648541
743,75648541
741,75648542
742,75648542
743,75648542
741,75648547
742,75648547
743,75648547
741,75648551
742,75648551
743,75648551
741,75648552
742,75648552
743,75648552
741,75648556
742,75648556
743,75648556
741,75648565
742,75648565
743,75648565
741,75648569
742,75648569
743,75648569
741,75648573
742,75648573
743,75648573
741,75648582
742,75648582
743,75648582
741,75648583
742,75648583
743,75648583
741,75648586
742,75648586
743,75648586
741,75648595
742,75648595
743,75648595
741,75648598
742,75648598
743,75648598
741,75648604
742,75648604
743,75648604
741,75648606
742,75648606
743,75648606
741,75648609
742,75648609
743,75648609
741,75648614
742,75648614
743,75648614
741,75648616
742,75648616
743,75648616
741,75648617
742,75648617
743,75648617
741,75648621
742,75648621
743,75648621
741,75648626
742,75648626
743,75648626
741,75648826
742,75648826
743,75648826
741,75648848
742,75648848
743,75648848
741,75648849
742,75648849
743,75648849
741,75649187
742,75649187
743,75649187
741,75649188
742,75649188
743,75649188
741,75649189
742,75649189
743,75649189
741,75649190
742,75649190
743,75649190
741,75649191
742,75649191
743,75649191
741,75649192
742,75649192
743,75649192
741,75649193
742,75649193
743,75649193
741,75649194
742,75649194
743,75649194
741,75649195
742,75649195
743,75649195
741,75649196
742,75649196
743,75649196
741,75649197
742,75649197
743,75649197
741,75649198
742,75649198
743,75649198
741,75645046
742,75645046
743,75645046
741,75645047
742,75645047
743,75645047
741,75645071
742,75645071
743,75645071
741,75645148
742,75645148
743,75645148
741,75645794
742,75645794
743,75645794
741,75645850
742,75645850
743,75645850
741,75645956
742,75645956
743,75645956
741,75646120
742,75646120
743,75646120
741,75646121
742,75646121
743,75646121
741,75646133
742,75646133
743,75646133
741,75646134
742,75646134
743,75646134
741,75646142
742,75646142
743,75646142
741,75646146
742,75646146
743,75646146
741,75646157
742,75646157
743,75646157
741,75646159
742,75646159
743,75646159
741,75646160
742,75646160
743,75646160
741,75646163
742,75646163
743,75646163
741,75646171
742,75646171
743,75646171
741,75646173
742,75646173
743,75646173
741,75646174
742,75646174
743,75646174
741,75646176
742,75646176
743,75646176
741,75646178
742,75646178
743,75646178
741,75646182
742,75646182
743,75646182
741,75646183
742,75646183
743,75646183
741,75646185
742,75646185
743,75646185
741,75646187
742,75646187
743,75646187
741,75646189
742,75646189
743,75646189
741,75646192
742,75646192
743,75646192
741,75646193
742,75646193
743,75646193
741,75646198
742,75646198
743,75646198
741,75646202
742,75646202
743,75646202
741,75646203
742,75646203
743,75646203
741,75646207
742,75646207
743,75646207
741,75646216
742,75646216
743,75646216
741,75646219
742,75646219
743,75646219
741,75646224
742,75646224
743,75646224
741,75646233
742,75646233
743,75646233
741,75646234
742,75646234
743,75646234
741,75646237
742,75646237
743,75646237
741,75646246
742,75646246
743,75646246
741,75646249
742,75646249
743,75646249
741,75646254
742,75646254
743,75646254
741,75646257
742,75646257
743,75646257
741,75646260
742,75646260
743,75646260
741,75646265
742,75646265
743,75646265
741,75646267
742,75646267
743,75646267
741,75646268
742,75646268
743,75646268
741,75646272
742,75646272
743,75646272
741,75646277
742,75646277
743,75646277
741,75646293
742,75646293
743,75646293
741,75646308
742,75646308
743,75646308
741,75646343
742,75646343
743,75646343
741,75647053
742,75647053
743,75647053
741,75647054
742,75647054
743,75647054
741,75647055
742,75647055
743,75647055
741,75647056
742,75647056
743,75647056
741,75647057
742,75647057
743,75647057
741,75647058
742,75647058
743,75647058
741,75647059
742,75647059
743,75647059
741,75647060
742,75647060
743,75647060
741,75647061
742,75647061
743,75647061
741,75647062
742,75647062
743,75647062
741,75647063
742,75647063
743,75647063
741,75647064
742,75647064
743,75647064
741,75626397
742,75626397
743,75626397
741,75626401
742,75626401
743,75626401
741,75626425
742,75626425
743,75626425
741,75626501
742,75626501
743,75626501
741,75626819
742,75626819
743,75626819
741,75626904
742,75626904
743,75626904
741,75627025
742,75627025
743,75627025
741,75627320
742,75627320
743,75627320
741,75627330
742,75627330
743,75627330
741,75627331
742,75627331
743,75627331
741,75627351
742,75627351
743,75627351
741,75627358
742,75627358
743,75627358
741,75627363
742,75627363
743,75627363
741,75627373
742,75627373
743,75627373
741,75627375
742,75627375
743,75627375
741,75627376
742,75627376
743,75627376
741,75627378
742,75627378
743,75627378
741,75627390
742,75627390
743,75627390
741,75627392
742,75627392
743,75627392
741,75627393
742,75627393
743,75627393
741,75627395
742,75627395
743,75627395
741,75627397
742,75627397
743,75627397
741,75627403
742,75627403
743,75627403
741,75627404
742,75627404
743,75627404
741,75627406
742,75627406
743,75627406
741,75627408
742,75627408
743,75627408
741,75627410
742,75627410
743,75627410
741,75627414
742,75627414
743,75627414
741,75627415
742,75627415
743,75627415
741,75627417
742,75627417
743,75627417
741,75627421
742,75627421
743,75627421
741,75627422
742,75627422
743,75627422
741,75627426
742,75627426
743,75627426
741,75627434
742,75627434
743,75627434
741,75627439
742,75627439
743,75627439
741,75627446
742,75627446
743,75627446
741,75627455
742,75627455
743,75627455
741,75627456
742,75627456
743,75627456
741,75627459
742,75627459
743,75627459
741,75627468
742,75627468
743,75627468
741,75627471
742,75627471
743,75627471
741,75627476
742,75627476
743,75627476
741,75627481
742,75627481
743,75627481
741,75627483
742,75627483
743,75627483
741,75627492
742,75627492
743,75627492
741,75627494
742,75627494
743,75627494
741,75627495
742,75627495
743,75627495
741,75627499
742,75627499
743,75627499
741,75627505
742,75627505
743,75627505
741,75627670
742,75627670
743,75627670
741,75627708
742,75627708
743,75627708
741,75627822
742,75627822
743,75627822
741,75627931
742,75627931
743,75627931
741,75627935
742,75627935
743,75627935
741,75628231
742,75628231
743,75628231
741,75628232
742,75628232
743,75628232
741,75628233
742,75628233
743,75628233
741,75628234
742,75628234
743,75628234
741,75628235
742,75628235
743,75628235
741,75628236
742,75628236
743,75628236
741,75628237
742,75628237
743,75628237
741,75628238
742,75628238
743,75628238
741,75628239
742,75628239
743,75628239
741,75628240
742,75628240
743,75628240
741,75628241
742,75628241
743,75628241
741,75628242
742,75628242
743,75628242
741,75628243
742,75628243
743,75628243
741,75628244
742,75628244
743,75628244
741,75628245
742,75628245
743,75628245
741,76916945
742,76916945
743,76916945
741,76917605
742,76917605
743,76917605
741,76917638
742,76917638
743,76917638
741,76917784
742,76917784
743,76917784
741,76917806
742,76917806
743,76917806
741,76917807
742,76917807
743,76917807
741,76917846
742,76917846
743,76917846
741,76920380
742,76920380
743,76920380
741,76920381
742,76920381
743,76920381
741,76920382
742,76920382
743,76920382
741,76920383
742,76920383
743,76920383
741,76920384
742,76920384
743,76920384
741,76920385
742,76920385
743,76920385
741,76920386
742,76920386
743,76920386
741,76920387
742,76920387
743,76920387
741,76920388
742,76920388
743,76920388
741,76920389
742,76920389
743,76920389
741,76920390
742,76920390
743,76920390
741,77136687
742,77136687
743,77136687
741,77136709
742,77136709
743,77136709
741,77136776
742,77136776
743,77136776
741,77136845
742,77136845
743,77136845
741,77137183
742,77137183
743,77137183
741,77137475
742,77137475
743,77137475
741,77137510
742,77137510
743,77137510
741,77137551
742,77137551
743,77137551
741,77137552
742,77137552
743,77137552
741,77137590
742,77137590
743,77137590
741,77137804
742,77137804
743,77137804
741,77137805
742,77137805
743,77137805
741,77137806
742,77137806
743,77137806
741,77137807
742,77137807
743,77137807
741,77137808
742,77137808
743,77137808
741,77137809
742,77137809
743,77137809
741,77137810
742,77137810
743,77137810
741,77137811
742,77137811
743,77137811
741,77137812
742,77137812
743,77137812
741,77137813
742,77137813
743,77137813
741,77137814
742,77137814
743,77137814
741,77137815
742,77137815
743,77137815
741,77137816
742,77137816
743,77137816
741,77137817
742,77137817
743,77137817
741,77129346
742,77129346
743,77129346
741,77129350
742,77129350
743,77129350
741,77129374
742,77129374
743,77129374
741,77129447
742,77129447
743,77129447
741,77130204
742,77130204
743,77130204
741,77130242
742,77130242
743,77130242
741,77130356
742,77130356
743,77130356
741,77130460
742,77130460
743,77130460
741,77130462
742,77130462
743,77130462
741,77130507
742,77130507
743,77130507
741,77130562
742,77130562
743,77130562
741,77130589
742,77130589
743,77130589
741,77130603
742,77130603
743,77130603
741,77130638
742,77130638
743,77130638
741,77130655
742,77130655
743,77130655
741,77130720
742,77130720
743,77130720
741,77130964
742,77130964
743,77130964
741,77130965
742,77130965
743,77130965
741,77130966
742,77130966
743,77130966
741,77130967
742,77130967
743,77130967
741,77130968
742,77130968
743,77130968
741,77130969
742,77130969
743,77130969
741,77130970
742,77130970
743,77130970
741,77130971
742,77130971
743,77130971
741,77130972
742,77130972
743,77130972
741,77130973
742,77130973
743,77130973
741,77130974
742,77130974
743,77130974
741,77130975
742,77130975
743,77130975
741,77130976
742,77130976
743,77130976
741,77130977
742,77130977
743,77130977
741,77110518
742,77110518
743,77110518
741,77110540
742,77110540
743,77110540
741,77110608
742,77110608
743,77110608
741,77111148
742,77111148
743,77111148
741,77111182
742,77111182
743,77111182
741,77111224
742,77111224
743,77111224
741,77111225
742,77111225
743,77111225
741,77111246
742,77111246
743,77111246
741,77111434
742,77111434
743,77111434
741,77111437
742,77111437
743,77111437
741,77111439
742,77111439
743,77111439
741,77111448
742,77111448
743,77111448
741,77111454
742,77111454
743,77111454
741,77111465
742,77111465
743,77111465
741,77111491
742,77111491
743,77111491
741,77111505
742,77111505
743,77111505
741,77111512
742,77111512
743,77111512
741,77111603
742,77111603
743,77111603
741,77111604
742,77111604
743,77111604
741,77111605
742,77111605
743,77111605
741,77111614
742,77111614
743,77111614
741,77111624
742,77111624
743,77111624
741,77111633
742,77111633
743,77111633
741,77111634
742,77111634
743,77111634
741,77111695
742,77111695
743,77111695
741,77139930
742,77139930
743,77139930
741,77139931
742,77139931
743,77139931
741,77139955
742,77139955
743,77139955
741,77140033
742,77140033
743,77140033
741,77140785
742,77140785
743,77140785
741,77140936
742,77140936
743,77140936
741,77140996
742,77140996
743,77140996
741,77141067
742,77141067
743,77141067
741,77141122
742,77141122
743,77141122
741,77141149
742,77141149
743,77141149
741,77141163
742,77141163
743,77141163
741,77141198
742,77141198
743,77141198
741,77141215
742,77141215
743,77141215
741,77141281
742,77141281
743,77141281
741,77141512
742,77141512
743,77141512
741,77141513
742,77141513
743,77141513
741,77141514
742,77141514
743,77141514
741,77141515
742,77141515
743,77141515
741,77141516
742,77141516
743,77141516
741,77141517
742,77141517
743,77141517
741,77141518
742,77141518
743,77141518
741,77141519
742,77141519
743,77141519
741,77141520
742,77141520
743,77141520
741,77141521
742,77141521
743,77141521
741,77141522
742,77141522
743,77141522
741,77141523
742,77141523
743,77141523
741,77141524
742,77141524
743,77141524
741,77141525
742,77141525
743,77141525
741,77171814
742,77171814
743,77171814
741,77171815
742,77171815
743,77171815
741,77171838
742,77171838
743,77171838
741,77171914
742,77171914
743,77171914
741,77172679
742,77172679
743,77172679
741,77172695
742,77172695
743,77172695
741,77172735
742,77172735
743,77172735
741,77172826
742,77172826
743,77172826
741,77172900
742,77172900
743,77172900
741,77172968
742,77172968
743,77172968
741,77173023
742,77173023
743,77173023
741,77173050
742,77173050
743,77173050
741,77173064
742,77173064
743,77173064
741,77173099
742,77173099
743,77173099
741,77173116
742,77173116
743,77173116
741,77173181
742,77173181
743,77173181
741,77173433
742,77173433
743,77173433
741,77173434
742,77173434
743,77173434
741,77173435
742,77173435
743,77173435
741,77173436
742,77173436
743,77173436
741,77173437
742,77173437
743,77173437
741,77173438
742,77173438
743,77173438
741,77173439
742,77173439
743,77173439
741,77173440
742,77173440
743,77173440
741,77173441
742,77173441
743,77173441
741,77173442
742,77173442
743,77173442
741,77173443
742,77173443
743,77173443
741,77173444
742,77173444
743,77173444
741,77173445
742,77173445
743,77173445
741,77173446
742,77173446
743,77173446
741,76937798
742,76937798
743,76937798
741,76938301
742,76938301
743,76938301
741,76938334
742,76938334
743,76938334
741,76938481
742,76938481
743,76938481
741,76938503
742,76938503
743,76938503
741,76938504
742,76938504
743,76938504
741,76938651
742,76938651
743,76938651
741,76938652
742,76938652
743,76938652
741,76938654
742,76938654
743,76938654
741,76938957
742,76938957
743,76938957
741,76938958
742,76938958
743,76938958
741,76938959
742,76938959
743,76938959
741,76938960
742,76938960
743,76938960
741,76938961
742,76938961
743,76938961
741,76938962
742,76938962
743,76938962
741,76938963
742,76938963
743,76938963
741,76938964
742,76938964
743,76938964
741,76938965
742,76938965
743,76938965
741,76938966
742,76938966
743,76938966
741,76938967
742,76938967
743,76938967
741,76924099
742,76924099
743,76924099
741,76924156
742,76924156
743,76924156
741,76924184
742,76924184
743,76924184
741,76924222
742,76924222
743,76924222
741,76924826
742,76924826
743,76924826
741,76924848
742,76924848
743,76924848
741,76924849
742,76924849
743,76924849
741,76924981
742,76924981
743,76924981
741,76925013
742,76925013
743,76925013
741,76925030
742,76925030
743,76925030
741,76925077
742,76925077
743,76925077
741,76925078
742,76925078
743,76925078
741,76925116
742,76925116
743,76925116
741,76925189
742,76925189
743,76925189
741,76925271
742,76925271
743,76925271
741,76925273
742,76925273
743,76925273
741,76925716
742,76925716
743,76925716
741,76925717
742,76925717
743,76925717
741,76925718
742,76925718
743,76925718
741,76925719
742,76925719
743,76925719
741,76925720
742,76925720
743,76925720
741,76925721
742,76925721
743,76925721
741,76925722
742,76925722
743,76925722
741,76925723
742,76925723
743,76925723
741,76925724
742,76925724
743,76925724
741,76925725
742,76925725
743,76925725
741,76925726
742,76925726
743,76925726
741,77133098
742,77133098
743,77133098
741,77133099
742,77133099
743,77133099
741,77133123
742,77133123
743,77133123
741,77133199
742,77133199
743,77133199
741,77133756
742,77133756
743,77133756
741,77133806
742,77133806
743,77133806
741,77133912
742,77133912
743,77133912
741,77134316
742,77134316
743,77134316
741,77134335
742,77134335
743,77134335
741,77134339
742,77134339
743,77134339
741,77134451
742,77134451
743,77134451
741,77134452
742,77134452
743,77134452
741,77134453
742,77134453
743,77134453
741,77134454
742,77134454
743,77134454
741,77134684
742,77134684
743,77134684
741,77134685
742,77134685
743,77134685
741,77134686
742,77134686
743,77134686
741,77134687
742,77134687
743,77134687
741,77134688
742,77134688
743,77134688
741,77134689
742,77134689
743,77134689
741,77134690
742,77134690
743,77134690
741,77134691
742,77134691
743,77134691
741,77134692
742,77134692
743,77134692
741,77134693
742,77134693
743,77134693
741,77134694
742,77134694
743,77134694
741,77134695
742,77134695
743,77134695
741,77134696
742,77134696
743,77134696
741,75633565
742,75633565
743,75633565
741,75633580
742,75633580
743,75633580
741,75633602
742,75633602
743,75633602
741,75633638
742,75633638
743,75633638
741,75633686
742,75633686
743,75633686
741,75633746
742,75633746
743,75633746
741,75633898
742,75633898
743,75633898
741,75633996
742,75633996
743,75633996
741,75634001
742,75634001
743,75634001
741,75634008
742,75634008
743,75634008
741,75634009
742,75634009
743,75634009
741,75634010
742,75634010
743,75634010
741,75634012
742,75634012
743,75634012
741,75634015
742,75634015
743,75634015
741,75634016
742,75634016
743,75634016
741,75634019
742,75634019
743,75634019
741,75634021
742,75634021
743,75634021
741,75634027
742,75634027
743,75634027
741,75634034
742,75634034
743,75634034
741,75634050
742,75634050
743,75634050
741,75634061
742,75634061
743,75634061
741,75634062
742,75634062
743,75634062
741,75634064
742,75634064
743,75634064
741,75634109
742,75634109
743,75634109
741,75634110
742,75634110
743,75634110
741,75634111
742,75634111
743,75634111
741,75634112
742,75634112
743,75634112
741,75634116
742,75634116
743,75634116
741,75634118
742,75634118
743,75634118
741,75634121
742,75634121
743,75634121
741,75634122
742,75634122
743,75634122
741,75634126
742,75634126
743,75634126
741,75634127
742,75634127
743,75634127
741,75634160
742,75634160
743,75634160
741,75634195
742,75634195
743,75634195
741,75634216
742,75634216
743,75634216
741,75634420
742,75634420
743,75634420
741,75634830
742,75634830
743,75634830
741,75634831
742,75634831
743,75634831
741,75634832
742,75634832
743,75634832
741,75634833
742,75634833
743,75634833
741,75634834
742,75634834
743,75634834
741,75634835
742,75634835
743,75634835
741,75634836
742,75634836
743,75634836
741,75634837
742,75634837
743,75634837
741,75634838
742,75634838
743,75634838
741,75634839
742,75634839
743,75634839
741,75634840
742,75634840
743,75634840
741,75641940
742,75641940
743,75641940
741,75642010
742,75642010
743,75642010
741,75642034
742,75642034
743,75642034
741,75642066
742,75642066
743,75642066
741,75642101
742,75642101
743,75642101
741,75642121
742,75642121
743,75642121
741,75642125
742,75642125
743,75642125
741,75642126
742,75642126
743,75642126
741,75642127
742,75642127
743,75642127
741,75642165
742,75642165
743,75642165
741,75642502
742,75642502
743,75642502
741,75642504
742,75642504
743,75642504
741,75642507
742,75642507
743,75642507
741,75642509
742,75642509
743,75642509
741,75642510
742,75642510
743,75642510
741,75642512
742,75642512
743,75642512
741,75642513
742,75642513
743,75642513
741,75642515
742,75642515
743,75642515
741,75642517
742,75642517
743,75642517
741,75642518
742,75642518
743,75642518
741,75642519
742,75642519
743,75642519
741,75642525
742,75642525
743,75642525
741,75642526
742,75642526
743,75642526
741,75642527
742,75642527
743,75642527
741,75642528
742,75642528
743,75642528
741,75642533
742,75642533
743,75642533
741,75642537
742,75642537
743,75642537
741,75642539
742,75642539
743,75642539
741,75642540
742,75642540
743,75642540
741,75642542
742,75642542
743,75642542
741,75642543
742,75642543
743,75642543
741,75642545
742,75642545
743,75642545
741,75642546
742,75642546
743,75642546
741,75642550
742,75642550
743,75642550
741,75642551
742,75642551
743,75642551
741,75642553
742,75642553
743,75642553
741,75642554
742,75642554
743,75642554
741,75642980
742,75642980
743,75642980
741,75642981
742,75642981
743,75642981
741,75642982
742,75642982
743,75642982
741,75642983
742,75642983
743,75642983
741,75642984
742,75642984
743,75642984
741,75642985
742,75642985
743,75642985
741,75642986
742,75642986
743,75642986
741,75642987
742,75642987
743,75642987
741,75642988
742,75642988
743,75642988
741,75642989
742,75642989
743,75642989
741,75642990
742,75642990
743,75642990
741,75642991
742,75642991
743,75642991
741,75643004
742,75643004
743,75643004
741,75624169
742,75624169
743,75624169
741,75624188
742,75624188
743,75624188
741,75624199
742,75624199
743,75624199
741,75624249
742,75624249
743,75624249
741,75624293
742,75624293
743,75624293
741,75624325
742,75624325
743,75624325
741,75624360
742,75624360
743,75624360
741,75624395
742,75624395
743,75624395
741,75624682
742,75624682
743,75624682
741,75624799
742,75624799
743,75624799
741,75624810
742,75624810
743,75624810
741,75624844
742,75624844
743,75624844
741,75625154
742,75625154
743,75625154
741,75625157
742,75625157
743,75625157
741,75625158
742,75625158
743,75625158
741,75625172
742,75625172
743,75625172
741,75625176
742,75625176
743,75625176
741,75625180
742,75625180
743,75625180
741,75625191
742,75625191
743,75625191
741,75625200
742,75625200
743,75625200
741,75625209
742,75625209
743,75625209
741,75625213
742,75625213
743,75625213
741,75625215
742,75625215
743,75625215
741,75625217
742,75625217
743,75625217
741,75625219
742,75625219
743,75625219
741,75625221
742,75625221
743,75625221
741,75625222
742,75625222
743,75625222
741,75625237
742,75625237
743,75625237
741,75625240
742,75625240
743,75625240
741,75625242
742,75625242
743,75625242
741,75625244
742,75625244
743,75625244
741,75625250
742,75625250
743,75625250
741,75625251
742,75625251
743,75625251
741,75625253
742,75625253
743,75625253
741,75625255
742,75625255
743,75625255
741,75625256
742,75625256
743,75625256
741,75625268
742,75625268
743,75625268
741,75625275
742,75625275
743,75625275
741,75625280
742,75625280
743,75625280
741,75625282
742,75625282
743,75625282
741,75625289
742,75625289
743,75625289
741,75625290
742,75625290
743,75625290
741,75625295
742,75625295
743,75625295
741,75625309
742,75625309
743,75625309
741,75625310
742,75625310
743,75625310
741,75625317
742,75625317
743,75625317
741,75625319
742,75625319
743,75625319
741,75625325
742,75625325
743,75625325
741,75625326
742,75625326
743,75625326
741,75625331
742,75625331
743,75625331
741,75625332
742,75625332
743,75625332
741,75625333
742,75625333
743,75625333
741,75625336
742,75625336
743,75625336
741,75625339
742,75625339
743,75625339
741,75625435
742,75625435
743,75625435
741,75625459
742,75625459
743,75625459
741,75625496
742,75625496
743,75625496
741,75625547
742,75625547
743,75625547
741,75625548
742,75625548
743,75625548
741,75625583
742,75625583
743,75625583
741,75626049
742,75626049
743,75626049
741,75626053
742,75626053
743,75626053
741,75626055
742,75626055
743,75626055
741,75626057
742,75626057
743,75626057
741,75626063
742,75626063
743,75626063
741,75626070
742,75626070
743,75626070
741,75626073
742,75626073
743,75626073
741,75626079
742,75626079
743,75626079
741,75626083
742,75626083
743,75626083
741,75626085
742,75626085
743,75626085
741,75626090
742,75626090
743,75626090
741,75626092
742,75626092
743,75626092
741,75626094
742,75626094
743,75626094
741,75626096
742,75626096
743,75626096
741,75626097
742,75626097
743,75626097
741,75631299
742,75631299
743,75631299
741,75631313
742,75631313
743,75631313
741,75631336
742,75631336
743,75631336
741,75631370
742,75631370
743,75631370
741,75631418
742,75631418
743,75631418
741,75631475
742,75631475
743,75631475
741,75631623
742,75631623
743,75631623
741,75631710
742,75631710
743,75631710
741,75631715
742,75631715
743,75631715
741,75631722
742,75631722
743,75631722
741,75631723
742,75631723
743,75631723
741,75631724
742,75631724
743,75631724
741,75631726
742,75631726
743,75631726
741,75631729
742,75631729
743,75631729
741,75631730
742,75631730
743,75631730
741,75631733
742,75631733
743,75631733
741,75631734
742,75631734
743,75631734
741,75631736
742,75631736
743,75631736
741,75631738
742,75631738
743,75631738
741,75631751
742,75631751
743,75631751
741,75631762
742,75631762
743,75631762
741,75631763
742,75631763
743,75631763
741,75631765
742,75631765
743,75631765
741,75631810
742,75631810
743,75631810
741,75631811
742,75631811
743,75631811
741,75631812
742,75631812
743,75631812
741,75631813
742,75631813
743,75631813
741,75631817
742,75631817
743,75631817
741,75631819
742,75631819
743,75631819
741,75631822
742,75631822
743,75631822
741,75631823
742,75631823
743,75631823
741,75631827
742,75631827
743,75631827
741,75631828
742,75631828
743,75631828
741,75631867
742,75631867
743,75631867
741,75632022
742,75632022
743,75632022
741,75632050
742,75632050
743,75632050
741,75632052
742,75632052
743,75632052
741,75632078
742,75632078
743,75632078
741,75632168
742,75632168
743,75632168
741,75632292
742,75632292
743,75632292
741,75632748
742,75632748
743,75632748
741,75632749
742,75632749
743,75632749
741,75632750
742,75632750
743,75632750
741,75632751
742,75632751
743,75632751
741,75632752
742,75632752
743,75632752
741,75632753
742,75632753
743,75632753
741,75632754
742,75632754
743,75632754
741,75632755
742,75632755
743,75632755
741,75632756
742,75632756
743,75632756
741,75632757
742,75632757
743,75632757
741,75632758
742,75632758
743,75632758
741,75632759
742,75632759
743,75632759
741,75632760
742,75632760
743,75632760
741,75632761
742,75632761
743,75632761
741,75632762
742,75632762
743,75632762
741,75647329
742,75647329
743,75647329
741,75647348
742,75647348
743,75647348
741,75647359
742,75647359
743,75647359
741,75647409
742,75647409
743,75647409
741,75647453
742,75647453
743,75647453
741,75647485
742,75647485
743,75647485
741,75647520
742,75647520
743,75647520
741,75647555
742,75647555
743,75647555
741,75648171
742,75648171
743,75648171
741,75648253
742,75648253
743,75648253
741,75648264
742,75648264
743,75648264
741,75648289
742,75648289
743,75648289
741,75648458
742,75648458
743,75648458
741,75648459
742,75648459
743,75648459
741,75648463
742,75648463
743,75648463
741,75648474
742,75648474
743,75648474
741,75648476
742,75648476
743,75648476
741,75648480
742,75648480
743,75648480
741,75648488
742,75648488
743,75648488
741,75648495
742,75648495
743,75648495
741,75648507
742,75648507
743,75648507
741,75648510
742,75648510
743,75648510
741,75648511
742,75648511
743,75648511
741,75648513
742,75648513
743,75648513
741,75648515
742,75648515
743,75648515
741,75648517
742,75648517
743,75648517
741,75648518
742,75648518
743,75648518
741,75648530
742,75648530
743,75648530
741,75648534
742,75648534
743,75648534
741,75648535
742,75648535
743,75648535
741,75648537
742,75648537
743,75648537
741,75648545
742,75648545
743,75648545
741,75648546
742,75648546
743,75648546
741,75648548
742,75648548
743,75648548
741,75648550
742,75648550
743,75648550
741,75648554
742,75648554
743,75648554
741,75648564
742,75648564
743,75648564
741,75648570
742,75648570
743,75648570
741,75648572
742,75648572
743,75648572
741,75648574
742,75648574
743,75648574
741,75648581
742,75648581
743,75648581
741,75648585
742,75648585
743,75648585
741,75648587
742,75648587
743,75648587
741,75648601
742,75648601
743,75648601
741,75648603
742,75648603
743,75648603
741,75648607
742,75648607
743,75648607
741,75648608
742,75648608
743,75648608
741,75648612
742,75648612
743,75648612
741,75648615
742,75648615
743,75648615
741,75648618
742,75648618
743,75648618
741,75648619
742,75648619
743,75648619
741,75648620
742,75648620
743,75648620
741,75648623
742,75648623
743,75648623
741,75648625
742,75648625
743,75648625
741,75648641
742,75648641
743,75648641
741,75648669
742,75648669
743,75648669
741,75648681
742,75648681
743,75648681
741,75648750
742,75648750
743,75648750
741,75648764
742,75648764
743,75648764
741,75649199
742,75649199
743,75649199
741,75649200
742,75649200
743,75649200
741,75649201
742,75649201
743,75649201
741,75649202
742,75649202
743,75649202
741,75649203
742,75649203
743,75649203
741,75649204
742,75649204
743,75649204
741,75649205
742,75649205
743,75649205
741,75649206
742,75649206
743,75649206
741,75649207
742,75649207
743,75649207
741,75649208
742,75649208
743,75649208
741,75649209
742,75649209
743,75649209
741,75649210
742,75649210
743,75649210
741,75644980
742,75644980
743,75644980
741,75644999
742,75644999
743,75644999
741,75645010
742,75645010
743,75645010
741,75645060
742,75645060
743,75645060
741,75645104
742,75645104
743,75645104
741,75645136
742,75645136
743,75645136
741,75645171
742,75645171
743,75645171
741,75645206
742,75645206
743,75645206
741,75645819
742,75645819
743,75645819
741,75645904
742,75645904
743,75645904
741,75645915
742,75645915
743,75645915
741,75645940
742,75645940
743,75645940
741,75646109
742,75646109
743,75646109
741,75646112
742,75646112
743,75646112
741,75646113
742,75646113
743,75646113
741,75646125
742,75646125
743,75646125
741,75646135
742,75646135
743,75646135
741,75646136
742,75646136
743,75646136
741,75646139
742,75646139
743,75646139
741,75646149
742,75646149
743,75646149
741,75646158
742,75646158
743,75646158
741,75646161
742,75646161
743,75646161
741,75646162
742,75646162
743,75646162
741,75646164
742,75646164
743,75646164
741,75646166
742,75646166
743,75646166
741,75646168
742,75646168
743,75646168
741,75646169
742,75646169
743,75646169
741,75646181
742,75646181
743,75646181
741,75646184
742,75646184
743,75646184
741,75646186
742,75646186
743,75646186
741,75646188
742,75646188
743,75646188
741,75646196
742,75646196
743,75646196
741,75646197
742,75646197
743,75646197
741,75646199
742,75646199
743,75646199
741,75646201
742,75646201
743,75646201
741,75646205
742,75646205
743,75646205
741,75646215
742,75646215
743,75646215
741,75646220
742,75646220
743,75646220
741,75646223
742,75646223
743,75646223
741,75646225
742,75646225
743,75646225
741,75646232
742,75646232
743,75646232
741,75646236
742,75646236
743,75646236
741,75646238
742,75646238
743,75646238
741,75646252
742,75646252
743,75646252
741,75646253
742,75646253
743,75646253
741,75646258
742,75646258
743,75646258
741,75646259
742,75646259
743,75646259
741,75646263
742,75646263
743,75646263
741,75646266
742,75646266
743,75646266
741,75646269
742,75646269
743,75646269
741,75646270
742,75646270
743,75646270
741,75646271
742,75646271
743,75646271
741,75646274
742,75646274
743,75646274
741,75646276
742,75646276
743,75646276
741,75646362
742,75646362
743,75646362
741,75646386
742,75646386
743,75646386
741,75646420
742,75646420
743,75646420
741,75646474
742,75646474
743,75646474
741,75646475
742,75646475
743,75646475
741,75646510
742,75646510
743,75646510
741,75646902
742,75646902
743,75646902
741,75647065
742,75647065
743,75647065
741,75647066
742,75647066
743,75647066
741,75647067
742,75647067
743,75647067
741,75647068
742,75647068
743,75647068
741,75647069
742,75647069
743,75647069
741,75647070
742,75647070
743,75647070
741,75647071
742,75647071
743,75647071
741,75647072
742,75647072
743,75647072
741,75647073
742,75647073
743,75647073
741,75647074
742,75647074
743,75647074
741,75647075
742,75647075
743,75647075
741,75626334
742,75626334
743,75626334
741,75626353
742,75626353
743,75626353
741,75626365
742,75626365
743,75626365
741,75626414
742,75626414
743,75626414
741,75626458
742,75626458
743,75626458
741,75626490
742,75626490
743,75626490
741,75626525
742,75626525
743,75626525
741,75626560
742,75626560
743,75626560
741,75626847
742,75626847
743,75626847
741,75626964
742,75626964
743,75626964
741,75626975
742,75626975
743,75626975
741,75627009
742,75627009
743,75627009
741,75627319
742,75627319
743,75627319
741,75627321
742,75627321
743,75627321
741,75627322
742,75627322
743,75627322
741,75627337
742,75627337
743,75627337
741,75627341
742,75627341
743,75627341
741,75627346
742,75627346
743,75627346
741,75627355
742,75627355
743,75627355
741,75627365
742,75627365
743,75627365
741,75627374
742,75627374
743,75627374
741,75627379
742,75627379
743,75627379
741,75627381
742,75627381
743,75627381
741,75627382
742,75627382
743,75627382
741,75627384
742,75627384
743,75627384
741,75627386
742,75627386
743,75627386
741,75627387
742,75627387
743,75627387
741,75627402
742,75627402
743,75627402
741,75627405
742,75627405
743,75627405
741,75627407
742,75627407
743,75627407
741,75627409
742,75627409
743,75627409
741,75627413
742,75627413
743,75627413
741,75627416
742,75627416
743,75627416
741,75627418
742,75627418
743,75627418
741,75627420
742,75627420
743,75627420
741,75627424
742,75627424
743,75627424
741,75627433
742,75627433
743,75627433
741,75627440
742,75627440
743,75627440
741,75627445
742,75627445
743,75627445
741,75627447
742,75627447
743,75627447
741,75627454
742,75627454
743,75627454
741,75627458
742,75627458
743,75627458
741,75627460
742,75627460
743,75627460
741,75627474
742,75627474
743,75627474
741,75627475
742,75627475
743,75627475
741,75627482
742,75627482
743,75627482
741,75627485
742,75627485
743,75627485
741,75627490
742,75627490
743,75627490
741,75627493
742,75627493
743,75627493
741,75627496
742,75627496
743,75627496
741,75627497
742,75627497
743,75627497
741,75627498
742,75627498
743,75627498
741,75627501
742,75627501
743,75627501
741,75627504
742,75627504
743,75627504
741,75627759
742,75627759
743,75627759
741,75627886
742,75627886
743,75627886
741,75627897
742,75627897
743,75627897
741,75627909
742,75627909
743,75627909
741,75627915
742,75627915
743,75627915
741,75628230
742,75628230
743,75628230
741,75628246
742,75628246
743,75628246
741,75628247
742,75628247
743,75628247
741,75628248
742,75628248
743,75628248
741,75628249
742,75628249
743,75628249
741,75628250
742,75628250
743,75628250
741,75628251
742,75628251
743,75628251
741,75628252
742,75628252
743,75628252
741,75628253
742,75628253
743,75628253
741,75628254
742,75628254
743,75628254
741,75628255
742,75628255
743,75628255
741,75628256
742,75628256
743,75628256
741,75628257
742,75628257
743,75628257
741,75628258
742,75628258
743,75628258
741,76916849
742,76916849
743,76916849
741,76916863
742,76916863
743,76916863
741,76916886
742,76916886
743,76916886
741,76916920
742,76916920
743,76916920
741,76916969
742,76916969
743,76916969
741,76917025
742,76917025
743,76917025
741,76917361
742,76917361
743,76917361
741,76917513
742,76917513
743,76917513
741,76917540
742,76917540
743,76917540
741,76917542
742,76917542
743,76917542
741,76917569
742,76917569
743,76917569
741,76917781
742,76917781
743,76917781
741,76917845
742,76917845
743,76917845
741,76917920
742,76917920
743,76917920
741,76920391
742,76920391
743,76920391
741,76920392
742,76920392
743,76920392
741,76920393
742,76920393
743,76920393
741,76920394
742,76920394
743,76920394
741,76920395
742,76920395
743,76920395
741,76920396
742,76920396
743,76920396
741,76920397
742,76920397
743,76920397
741,76920398
742,76920398
743,76920398
741,76920399
742,76920399
743,76920399
741,76920400
742,76920400
743,76920400
741,76920401
742,76920401
743,76920401
741,77136613
742,77136613
743,77136613
741,77136685
742,77136685
743,77136685
741,77136708
742,77136708
743,77136708
741,77136740
742,77136740
743,77136740
741,77136775
742,77136775
743,77136775
741,77136831
742,77136831
743,77136831
741,77137333
742,77137333
743,77137333
741,77137361
742,77137361
743,77137361
741,77137368
742,77137368
743,77137368
741,77137407
742,77137407
743,77137407
741,77137478
742,77137478
743,77137478
741,77137557
742,77137557
743,77137557
741,77137558
742,77137558
743,77137558
741,77137559
742,77137559
743,77137559
741,77137591
742,77137591
743,77137591
741,77137818
742,77137818
743,77137818
741,77137819
742,77137819
743,77137819
741,77137820
742,77137820
743,77137820
741,77137821
742,77137821
743,77137821
741,77137822
742,77137822
743,77137822
741,77137823
742,77137823
743,77137823
741,77137824
742,77137824
743,77137824
741,77137825
742,77137825
743,77137825
741,77137826
742,77137826
743,77137826
741,77137827
742,77137827
743,77137827
741,77137828
742,77137828
743,77137828
741,77137829
742,77137829
743,77137829
741,77137830
742,77137830
743,77137830
741,77137831
742,77137831
743,77137831
741,77129283
742,77129283
743,77129283
741,77129302
742,77129302
743,77129302
741,77129314
742,77129314
743,77129314
741,77129364
742,77129364
743,77129364
741,77129407
742,77129407
743,77129407
741,77129439
742,77129439
743,77129439
741,77129474
742,77129474
743,77129474
741,77129509
742,77129509
743,77129509
741,77130294
742,77130294
743,77130294
741,77130420
742,77130420
743,77130420
741,77130431
742,77130431
743,77130431
741,77130443
742,77130443
743,77130443
741,77130446
742,77130446
743,77130446
741,77130467
742,77130467
743,77130467
741,77130500
742,77130500
743,77130500
741,77130523
742,77130523
743,77130523
741,77130563
742,77130563
743,77130563
741,77130616
742,77130616
743,77130616
741,77130656
742,77130656
743,77130656
741,77130719
742,77130719
743,77130719
741,77130728
742,77130728
743,77130728
741,77130963
742,77130963
743,77130963
741,77130978
742,77130978
743,77130978
741,77130979
742,77130979
743,77130979
741,77130980
742,77130980
743,77130980
741,77130981
742,77130981
743,77130981
741,77130982
742,77130982
743,77130982
741,77130983
742,77130983
743,77130983
741,77130984
742,77130984
743,77130984
741,77130985
742,77130985
743,77130985
741,77130986
742,77130986
743,77130986
741,77130987
742,77130987
743,77130987
741,77130988
742,77130988
743,77130988
741,77130989
742,77130989
743,77130989
741,77131044
742,77131044
743,77131044
741,77110445
742,77110445
743,77110445
741,77110515
742,77110515
743,77110515
741,77110539
742,77110539
743,77110539
741,77110572
742,77110572
743,77110572
741,77110607
742,77110607
743,77110607
741,77111006
742,77111006
743,77111006
741,77111034
742,77111034
743,77111034
741,77111041
742,77111041
743,77111041
741,77111080
742,77111080
743,77111080
741,77111151
742,77111151
743,77111151
741,77111230
742,77111230
743,77111230
741,77111231
742,77111231
743,77111231
741,77111233
742,77111233
743,77111233
741,77111253
742,77111253
743,77111253
741,77111363
742,77111363
743,77111363
741,77111477
742,77111477
743,77111477
741,77111485
742,77111485
743,77111485
741,77111647
742,77111647
743,77111647
741,77111659
742,77111659
743,77111659
741,77111664
742,77111664
743,77111664
741,77111667
742,77111667
743,77111667
741,77111670
742,77111670
743,77111670
741,77111673
742,77111673
743,77111673
741,77111678
742,77111678
743,77111678
741,77111683
742,77111683
743,77111683
741,77111686
742,77111686
743,77111686
741,77111696
742,77111696
743,77111696
741,77111699
742,77111699
743,77111699
741,77111709
742,77111709
743,77111709
741,77139864
742,77139864
743,77139864
741,77139883
742,77139883
743,77139883
741,77139891
742,77139891
743,77139891
741,77139945
742,77139945
743,77139945
741,77139988
742,77139988
743,77139988
741,77140022
742,77140022
743,77140022
741,77140057
742,77140057
743,77140057
741,77140092
742,77140092
743,77140092
741,77140800
742,77140800
743,77140800
741,77140911
742,77140911
743,77140911
741,77140913
742,77140913
743,77140913
741,77140915
742,77140915
743,77140915
741,77140966
742,77140966
743,77140966
741,77141027
742,77141027
743,77141027
741,77141060
742,77141060
743,77141060
741,77141083
742,77141083
743,77141083
741,77141123
742,77141123
743,77141123
741,77141176
742,77141176
743,77141176
741,77141216
742,77141216
743,77141216
741,77141280
742,77141280
743,77141280
741,77141289
742,77141289
743,77141289
741,77141526
742,77141526
743,77141526
741,77141527
742,77141527
743,77141527
741,77141528
742,77141528
743,77141528
741,77141529
742,77141529
743,77141529
741,77141530
742,77141530
743,77141530
741,77141531
742,77141531
743,77141531
741,77141532
742,77141532
743,77141532
741,77141533
742,77141533
743,77141533
741,77141534
742,77141534
743,77141534
741,77141535
742,77141535
743,77141535
741,77141536
742,77141536
743,77141536
741,77141537
742,77141537
743,77141537
741,77141538
742,77141538
743,77141538
741,77141539
742,77141539
743,77141539
741,77171747
742,77171747
743,77171747
741,77171763
742,77171763
743,77171763
741,77171778
742,77171778
743,77171778
741,77171827
742,77171827
743,77171827
741,77171872
742,77171872
743,77171872
741,77171903
742,77171903
743,77171903
741,77171938
742,77171938
743,77171938
741,77171973
742,77171973
743,77171973
741,77172734
742,77172734
743,77172734
741,77172762
742,77172762
743,77172762
741,77172794
742,77172794
743,77172794
741,77172835
742,77172835
743,77172835
741,77172888
742,77172888
743,77172888
741,77172928
742,77172928
743,77172928
741,77172961
742,77172961
743,77172961
741,77172984
742,77172984
743,77172984
741,77173024
742,77173024
743,77173024
741,77173077
742,77173077
743,77173077
741,77173117
742,77173117
743,77173117
741,77173180
742,77173180
743,77173180
741,77173189
742,77173189
743,77173189
741,77173432
742,77173432
743,77173432
741,77173447
742,77173447
743,77173447
741,77173448
742,77173448
743,77173448
741,77173449
742,77173449
743,77173449
741,77173450
742,77173450
743,77173450
741,77173451
742,77173451
743,77173451
741,77173452
742,77173452
743,77173452
741,77173453
742,77173453
743,77173453
741,77173454
742,77173454
743,77173454
741,77173455
742,77173455
743,77173455
741,77173456
742,77173456
743,77173456
741,77173457
742,77173457
743,77173457
741,77173458
742,77173458
743,77173458
741,77173507
742,77173507
743,77173507
741,76937702
742,76937702
743,76937702
741,76937716
742,76937716
743,76937716
741,76937739
742,76937739
743,76937739
741,76937773
742,76937773
743,76937773
741,76937822
742,76937822
743,76937822
741,76937878
742,76937878
743,76937878
741,76938210
742,76938210
743,76938210
741,76938238
742,76938238
743,76938238
741,76938265
742,76938265
743,76938265
741,76938354
742,76938354
743,76938354
741,76938478
742,76938478
743,76938478
741,76938583
742,76938583
743,76938583
741,76938590
742,76938590
743,76938590
741,76938649
742,76938649
743,76938649
741,76938650
742,76938650
743,76938650
741,76938653
742,76938653
743,76938653
741,76938968
742,76938968
743,76938968
741,76938969
742,76938969
743,76938969
741,76938970
742,76938970
743,76938970
741,76938971
742,76938971
743,76938971
741,76938972
742,76938972
743,76938972
741,76938973
742,76938973
743,76938973
741,76938974
742,76938974
743,76938974
741,76938975
742,76938975
743,76938975
741,76938976
742,76938976
743,76938976
741,76938977
742,76938977
743,76938977
741,76938978
742,76938978
743,76938978
741,76924024
742,76924024
743,76924024
741,76924056
742,76924056
743,76924056
741,76924064
742,76924064
743,76924064
741,76924079
742,76924079
743,76924079
741,76924134
742,76924134
743,76924134
741,76924190
742,76924190
743,76924190
741,76924207
742,76924207
743,76924207
741,76924239
742,76924239
743,76924239
741,76924664
742,76924664
743,76924664
741,76924683
742,76924683
743,76924683
741,76924692
742,76924692
743,76924692
741,76924748
742,76924748
743,76924748
741,76924883
742,76924883
743,76924883
741,76924928
742,76924928
743,76924928
741,76925003
742,76925003
743,76925003
741,76925031
742,76925031
743,76925031
741,76925061
742,76925061
743,76925061
741,76925095
742,76925095
743,76925095
741,76925117
742,76925117
743,76925117
741,76925180
742,76925180
743,76925180
741,76925186
742,76925186
743,76925186
741,76925727
742,76925727
743,76925727
741,76925728
742,76925728
743,76925728
741,76925729
742,76925729
743,76925729
741,76925730
742,76925730
743,76925730
741,76925731
742,76925731
743,76925731
741,76925732
742,76925732
743,76925732
741,76925733
742,76925733
743,76925733
741,76925734
742,76925734
743,76925734
741,76925735
742,76925735
743,76925735
741,76925736
742,76925736
743,76925736
741,76925737
742,76925737
743,76925737
741,77133031
742,77133031
743,77133031
741,77133051
742,77133051
743,77133051
741,77133061
742,77133061
743,77133061
741,77133111
742,77133111
743,77133111
741,77133156
742,77133156
743,77133156
741,77133187
742,77133187
743,77133187
741,77133222
742,77133222
743,77133222
741,77133257
742,77133257
743,77133257
741,77133779
742,77133779
743,77133779
741,77133861
742,77133861
743,77133861
741,77133871
742,77133871
743,77133871
741,77133893
742,77133893
743,77133893
741,77134131
742,77134131
743,77134131
741,77134160
742,77134160
743,77134160
741,77134168
742,77134168
743,77134168
741,77134241
742,77134241
743,77134241
741,77134254
742,77134254
743,77134254
741,77134455
742,77134455
743,77134455
741,77134456
742,77134456
743,77134456
741,77134457
742,77134457
743,77134457
741,77134458
742,77134458
743,77134458
741,77134683
742,77134683
743,77134683
741,77134697
742,77134697
743,77134697
741,77134698
742,77134698
743,77134698
741,77134699
742,77134699
743,77134699
741,77134700
742,77134700
743,77134700
741,77134701
742,77134701
743,77134701
741,77134702
742,77134702
743,77134702
741,77134703
742,77134703
743,77134703
741,77134704
742,77134704
743,77134704
741,77134705
742,77134705
743,77134705
741,77134706
742,77134706
743,77134706
741,77134707
742,77134707
743,77134707
741,77134758
742,77134758
743,77134758
89,75584384
93,75584384
89,75588568
93,75588568
89,75606014
93,75606014
89,75753512
93,75753512
89,75609080
93,75609080
89,76352398
93,76352398
89,76354746
93,76354746
89,76389181
93,76389181
89,76365455
93,76365455
89,76380185
93,76380185
89,76391279
93,76391279
89,76367628
93,76367628
89,76361117
93,76361117
89,76382288
93,76382288
89,76384287
93,76384287
89,76369731
93,76369731
89,76363286
93,76363286
32,75179356_1
23,75179356_2
10,75180035_1
16,75180035_2
8,75180317_1
66,75180317_2
8,75180317_2
66,75180317_3
66,75180358_1
66,75180358_2
57,75180358_2
57,75180358_3
57,75180791_1
39,75180791_2
19,75203811_1
201,75203811_2
19,75203812_1
201,75203812_2
19,75249460_1
201,75249460_2
19,75249461_1
201,75249461_2
39,75762011_1
38,75762011_2
39,75762014_1
38,75762014_2
39,75762016_1
39,75762016_2
39,75762017_1
39,75762017_2
39,75762018_1
39,75762018_2
39,75762019_1
39,75762019_2
39,75762020_1
39,75762020_2
36,75762522_1
34,75762522_2
34,75762667_1
32,75762667_2
21,75762700_1
21,75762700_2
23,75762786_1
22,75762786_2
37,75762986_1
36,75762986_2
38,75763050_1
37,75763050_2
39,75774870_1
38,75774870_2
39,75774873_1
38,75774873_2
39,75774875_1
39,75774875_2
39,75774876_1
39,75774876_2
39,75774877_1
39,75774877_2
39,75774878_1
39,75774878_2
39,75774879_1
39,75774879_2
36,75775382_1
34,75775382_2
34,75775527_1
32,75775527_2
21,75775560_1
21,75775560_2
23,75775646_1
22,75775646_2
37,75775846_1
36,75775846_2
38,75775910_1
37,75775910_2
32,76302852_1
32,76302852_2
10,76303013_1
16,76303013_2
8,76303128_1
8,76303128_2
66,76303128_2
66,76303128_3
66,76303138_1
57,76303138_2
66,76303138_2
57,76303138_3
57,76303201_1
39,76303201_2
19,76313551_1
201,76313551_2
19,76313552_1
201,76313552_2
19,76316628_1
201,76316628_2
19,76316629_1
201,76316629_2
19,76698908_1
201,76698908_2
19,76698909_1
201,76698909_2
39,77030898_1
38,77030898_2
39,77030901_1
38,77030901_2
39,77030903_1
39,77030903_2
39,77030904_1
39,77030904_2
39,77030905_1
39,77030905_2
39,77030906_1
39,77030906_2
39,77030907_1
39,77030907_2
36,77031410_1
34,77031410_2
34,77031555_1
32,77031555_2
21,77031588_1
21,77031588_2
23,77031674_1
22,77031674_2
37,77031874_1
36,77031874_2
38,77031938_1
37,77031938_2
39,77035490_1
38,77035490_2
39,77035493_1
39,77035493_2
39,77035495_1
39,77035495_2
39,77035496_1
39,77035496_2
39,77035497_1
39,77035497_2
39,77035498_1
39,77035498_2
39,77035499_1
39,77035499_2
36,77036002_1
36,77036002_2
34,77036147_1
34,77036147_2
21,77036180_1
21,77036180_2
32,77036266_1
23,77036266_2
37,77036466_1
37,77036466_2
38,77036530_1
38,77036530_2
39,77074601_1
38,77074601_2
39,77074604_1
39,77074604_2
39,77074606_1
39,77074606_2
39,77074607_1
39,77074607_2
39,77074608_1
39,77074608_2
39,77074609_1
39,77074609_2
39,77074610_1
39,77074610_2
36,77075113_1
36,77075113_2
34,77075258_1
34,77075258_2
21,77075291_1
21,77075291_2
32,77075377_1
23,77075377_2
37,77075577_1
37,77075577_2
38,77075641_1
38,77075641_2
CR-Franklin,75755878
CR-Franklin,75755880
CR-Franklin,75755883
CR-Franklin,75755885
CR-Franklin,75755888
CR-Franklin,75839476
CR-Franklin,75839479
CR-Franklin,75839481
CR-Franklin,75839483
CR-Franklin,75839484
CR-Franklin,75839486
CR-Franklin,75798222
CR-Franklin,75798224
CR-Franklin,75798226
CR-Franklin,75798227
CR-Franklin,75798229
CR-Franklin,75798230
CR-Franklin,75798233
CR-Franklin,77069211
CR-Franklin,77069212
CR-Franklin,77069215
CR-Franklin,77069216
CR-Franklin,77069219
CR-Franklin,77069220
CR-Franklin,77069223
CR-Franklin,77069224
CR-Franklin,77069227
CR-Franklin,77069228
CR-Franklin,77075943
CR-Franklin,77075944
CR-Franklin,77075947
CR-Franklin,77075948
CR-Franklin,77075951
CR-Franklin,77075952
CR-Franklin,77075955
CR-Franklin,77075956
CR-Franklin,77075959
CR-Franklin,77075960
CR-Franklin,76730838
CR-Franklin,76730839
CR-Franklin,76730840
CR-Franklin,76730841
CR-Franklin,76730846
CR-Franklin,76730847
CR-Franklin,76730848
CR-Franklin,76730849
CR-Franklin,76730852
CR-Franklin,76730855
CR-Franklin,76730860
CR-Franklin,76730861
CR-Franklin,76703566
CR-Franklin,76703567
CR-Franklin,76703568
CR-Franklin,76703569
CR-Franklin,76703574
CR-Franklin,76703575
CR-Franklin,76703576
CR-Franklin,76703577
CR-Franklin,76703582
CR-Franklin,76703583
CR-Franklin,76703588
CR-Franklin,76703589
CR-Franklin,76549165
CR-Franklin,76549166
CR-Franklin,76549167
CR-Franklin,76549168
CR-Franklin,76549169
CR-Franklin,76549170
CR-Franklin,76549171
CR-Franklin,76549172
CR-Franklin,76549173
CR-Franklin,76549174
CR-Franklin,76549175
CR-Franklin,76549176
CR-Franklin,76747370
CR-Franklin,76747372
CR-Franklin,76747380
CR-Franklin,76747381
CR-Franklin,76747385
CR-Franklin,76747390
CR-Franklin,76747391
CR-Franklin,76747403
CR-Franklin,76747412
CR-Franklin,76447060
CR-Franklin,76447068
CR-Franklin,76447072
CR-Franklin,76447078
CR-Franklin,76447087
CR-Franklin,76447090
CR-Franklin,76447094
CR-Franklin,76447097
CR-Franklin,76447101
CR-Franklin,76746954
CR-Franklin,77121163
CR-Franklin,76764881
CR-Franklin,76764883
CR-Franklin,76764886
CR-Franklin,76764887
CR-Franklin,76764890
CR-Franklin,76764891
CR-Franklin,76764894
CR-Franklin,76762186
CR-Franklin,76762187
CR-Franklin,76762190
CR-Franklin,76762191
CR-Franklin,76762192
CR-Franklin,76762197
CR-Franklin,76762202
CR-Franklin,76766730
CR-Franklin,76766732
CR-Franklin,76766733
CR-Franklin,76766734
CR-Franklin,76766737
CR-Franklin,76766738
CR-Franklin,75755877
CR-Franklin,75755879
CR-Franklin,75755881
CR-Franklin,75755882
CR-Franklin,75755884
CR-Franklin,75755886
CR-Franklin,75755887
CR-Franklin,75839475
CR-Franklin,75839477
CR-Franklin,75839478
CR-Franklin,75839480
CR-Franklin,75839482
CR-Franklin,75839485
CR-Franklin,75798223
CR-Franklin,75798225
CR-Franklin,75798228
CR-Franklin,75798231
CR-Franklin,75798232
CR-Franklin,77069209
CR-Franklin,77069210
CR-Franklin,77069213
CR-Franklin,77069214
CR-Franklin,77069221
CR-Franklin,77069222
CR-Franklin,77069225
CR-Franklin,77069226
CR-Franklin,77075941
CR-Franklin,77075942
CR-Franklin,77075945
CR-Franklin,77075946
CR-Franklin,77075953
CR-Franklin,77075954
CR-Franklin,77075957
CR-Franklin,77075958
CR-Franklin,76730862
CR-Franklin,76730863
CR-Franklin,76730864
CR-Franklin,76730865
CR-Franklin,76730866
CR-Franklin,76730867
CR-Franklin,76730868
CR-Franklin,76730869
CR-Franklin,76703590
CR-Franklin,76703591
CR-Franklin,76703592
CR-Franklin,76703593
CR-Franklin,76703594
CR-Franklin,76703595
CR-Franklin,76703596
CR-Franklin,76703597
CR-Franklin,76549177
CR-Franklin,76549178
CR-Franklin,76549179
CR-Franklin,76549180
CR-Franklin,76549181
CR-Franklin,76549182
CR-Franklin,76549183
CR-Franklin,76549184
CR-Franklin,76549185
CR-Franklin,76549186
CR-Franklin,76549187
CR-Franklin,76549188
CR-Franklin,76747367
CR-Franklin,76747378
CR-Franklin,76747379
CR-Franklin,76747388
CR-Franklin,76747389
CR-Franklin,76747402
CR-Franklin,76747407
CR-Franklin,76447061
CR-Franklin,76447069
CR-Franklin,76447073
CR-Franklin,76447079
CR-Franklin,76447083
CR-Franklin,76447091
CR-Franklin,76447098
CR-Franklin,76746953
CR-Franklin,76746955
CR-Franklin,77117120
CR-Franklin,77117125
CR-Franklin,77115449
CR-Franklin,77115454
CR-Franklin,77121162
CR-Franklin,77121164
CR-Franklin,76764880
CR-Franklin,76764882
CR-Franklin,76764884
CR-Franklin,76764885
CR-Franklin,76764888
CR-Franklin,76764893
CR-Franklin,76764895
CR-Franklin,76762184
CR-Franklin,76762185
CR-Franklin,76762188
CR-Franklin,76762189
CR-Franklin,76762193
CR-Franklin,76762196
CR-Franklin,76762198
CR-Franklin,76766731
CR-Franklin,76766735
CR-Franklin,76766736
CR-Franklin,76766739
CR-Providence,76730842
CR-Providence,76730843
CR-Providence,76730844
CR-Providence,76730845
CR-Providence,76730850
CR-Providence,76730851
CR-Providence,76730853
CR-Providence,76730854
CR-Providence,76730856
CR-Providence,76730857
CR-Providence,76730858
CR-Providence,76730859
CR-Providence,76703570
CR-Providence,76703571
CR-Providence,76703572
CR-Providence,76703573
CR-Providence,76703578
CR-Providence,76703579
CR-Providence,76703580
CR-Providence,76703581
CR-Providence,76703584
CR-Providence,76703585
CR-Providence,76703586
CR-Providence,76703587
CR-Providence,76747368
CR-Providence,76747369
CR-Providence,76747373
CR-Providence,76747377
CR-Providence,76747383
CR-Providence,76747384
CR-Providence,76747392
CR-Providence,76747393
CR-Providence,76747396
CR-Providence,76747397
CR-Providence,76747398
CR-Providence,76747399
CR-Providence,76747400
CR-Providence,76747401
CR-Providence,76747406
CR-Providence,76747408
CR-Providence,76747411
CR-Providence,76747413
CR-Providence,76447055
CR-Providence,76447057
CR-Providence,76447059
CR-Providence,76447062
CR-Providence,76447063
CR-Providence,76447065
CR-Providence,76447067
CR-Providence,76447070
CR-Providence,76447074
CR-Providence,76447075
CR-Providence,76447080
CR-Providence,76447081
CR-Providence,76447084
CR-Providence,76447085
CR-Providence,76447088
CR-Providence,76447092
CR-Providence,76447095
CR-Providence,76447099
CR-Providence,77117117
CR-Providence,77117119
CR-Providence,77117122
CR-Providence,77117124
CR-Providence,77115450
CR-Providence,77115452
CR-Providence,77115455
CR-Providence,77115457
CR-Providence,76764889
CR-Providence,76764892
CR-Providence,76764897
CR-Providence,76764898
CR-Providence,76762194
CR-Providence,76762195
CR-Providence,76762199
CR-Providence,76762200
CR-Providence,77069217
CR-Providence,77069218
CR-Providence,77075949
CR-Providence,77075950
CR-Providence,76730870
CR-Providence,76730871
CR-Providence,76730872
CR-Providence,76730873
CR-Providence,76730874
CR-Providence,76730875
CR-Providence,76730876
CR-Providence,76730877
CR-Providence,76730878
CR-Providence,76730879
CR-Providence,76730880
CR-Providence,76730881
CR-Providence,76703598
CR-Providence,76703599
CR-Providence,76703600
CR-Providence,76703601
CR-Providence,76703602
CR-Providence,76703603
CR-Providence,76703604
CR-Providence,76703605
CR-Providence,76703606
CR-Providence,76703607
CR-Providence,76703608
CR-Providence,76703609
CR-Providence,76747371
CR-Providence,76747374
CR-Providence,76747375
CR-Providence,76747376
CR-Providence,76747382
CR-Providence,76747386
CR-Providence,76747387
CR-Providence,76747394
CR-Providence,76747395
CR-Providence,76747404
CR-Providence,76747405
CR-Providence,76747409
CR-Providence,76747410
CR-Providence,76447056
CR-Providence,76447058
CR-Providence,76447064
CR-Providence,76447066
CR-Providence,76447071
CR-Providence,76447076
CR-Providence,76447077
CR-Providence,76447082
CR-Providence,76447086
CR-Providence,76447089
CR-Providence,76447093
CR-Providence,76447096
CR-Providence,76447100
CR-Providence,77117116
CR-Providence,77117118
CR-Providence,77117121
CR-Providence,77117123
CR-Providence,77115451
CR-Providence,77115453
CR-Providence,77115456
CR-Providence,77115458
CR-Providence,76764896
CR-Providence,76762201
CR-Franklin,SWKNDWCPeriod-831037-5806
CR-Franklin,SWKNDWCPeriod-831038-5815
CR-Franklin,SWKNDWCPeriod-831039-5821
CR-Franklin,SWKNDWCPeriod-831040-5824
CR-Franklin,SWKNDWCPeriod-831041-5830
CR-Franklin,SWKNDWCPeriod-831042-5831
CR-Franklin,SWKNDWCPeriod-831043-5838
CR-Franklin,SWKNDWCPeriod-831044-5839
CR-Franklin,SWKNDWCPeriod-831045-5846
CR-Franklin,SWKNDWCPeriod-831046-5847
CR-Franklin,SWKNDWCPeriod-831047-5855
CR-Franklin,SWKNDWCPeriod-831048-5856
CR-Franklin,SWKNDWCPeriod-831049-5867
CR-Franklin,SWKNDWCPeriod-831050-5868
CR-Franklin,SWKNDWCPeriod-831051-5877
CR-Franklin,SWKNDWCPeriod-831052-5878
CR-Franklin,SWKNDWCPeriod-831053-5884
CR-Franklin,SWKNDWCPeriod-831054-5885
CR-Franklin,SWKNDWCPeriod-831055-5892
CR-Franklin,SWKNDWCPeriod-831056-5893
CR-Kingston,SWKNDWCPeriod-831100-7047
CR-Fairmount,SWKNDWCPeriod-831189-5706
CR-Fairmount,SWKNDWCPeriod-831194-5715
CR-Fairmount,SWKNDWCPeriod-831243-5793
CR-Fairmount,SWKNDWCPeriod-831246-5721
CR-Fairmount,SWKNDWCPeriod-831247-5724
CR-Fairmount,SWKNDWCPeriod-831261-5784
CR-Fairmount,SWKNDWCPeriod-831263-5785
CR-Fairmount,SWKNDWCPeriod-831264-5768
CR-Fairmount,SWKNDWCPeriod-831265-5778
CR-Fairmount,SWKNDWCPeriod-831266-5767
CR-Fairmount,SWKNDWCPeriod-831267-5754
CR-Fairmount,SWKNDWCPeriod-831268-5755
CR-Fairmount,SWKNDWCPeriod-831269-5730
CR-Fairmount,SWKNDWCPeriod-831270-5731
CR-Fairmount,SWKNDWCPeriod-831271-5738
CR-Fairmount,SWKNDWCPeriod-831272-5739
CR-Fairmount,SWKNDWCPeriod-831273-5746
CR-Fairmount,SWKNDWCPeriod-831274-5777
CR-Fairmount,SWKNDWCPeriod-831275-5747
CR-Franklin,CP44-833753-5806
CR-Franklin,CP44-833754-5815
CR-Franklin,CP44-833755-5821
CR-Franklin,CP44-833756-5824
CR-Franklin,CP44-833757-5830
CR-Franklin,CP44-833758-5831
CR-Franklin,CP44-833759-5838
CR-Franklin,CP44-833760-5839
CR-Franklin,CP44-833761-5846
CR-Franklin,CP44-833762-5847
CR-Franklin,CP44-833763-5855
CR-Franklin,CP44-833764-5856
CR-Franklin,CP44-833765-5867
CR-Franklin,CP44-833766-5868
CR-Franklin,CP44-833767-5877
CR-Franklin,CP44-833768-5878
CR-Franklin,CP44-833769-5884
CR-Franklin,CP44-833770-5885
CR-Franklin,CP44-833771-5892
CR-Franklin,CP44-833772-5893
CR-Kingston,CP44-833816-7047
CR-Fairmount,CP44-833905-5706
CR-Fairmount,CP44-833910-5715
CR-Fairmount,CP44-833959-5793
CR-Fairmount,CP44-833961-5792
CR-Fairmount,CP44-833962-5721
CR-Fairmount,CP44-833963-5724
CR-Fairmount,CP44-833977-5784
CR-Fairmount,CP44-833979-5785
CR-Fairmount,CP44-833980-5768
CR-Fairmount,CP44-833981-5778
CR-Fairmount,CP44-833982-5767
CR-Fairmount,CP44-833983-5754
CR-Fairmount,CP44-833984-5755
CR-Fairmount,CP44-833985-5730
CR-Fairmount,CP44-833986-5731
CR-Fairmount,CP44-833987-5738
CR-Fairmount,CP44-833988-5739
CR-Fairmount,CP44-833989-5746
CR-Fairmount,CP44-833990-5777
CR-Fairmount,CP44-833991-5747
CR-Franklin,PlainsINT-837268-856
CR-Franklin,PlainsINT-837275-874
CR-Franklin,PlainsINT-837276-875
CR-Franklin,PlainsINT-837279-885
CR-Franklin,PlainsINT-837282-892
CR-Franklin,PlainsINT-837283-893
CR-Franklin,PlainsINT-837286-908
CR-Franklin,PlainsINT-837314-984
CR-Kingston,PlainsINT-837188-2047
CR-Fairmount,PlainsINT-837315-991
CR-Fairmount,PlainsINT-837471-776
CR-Fairmount,PlainsINT-837491-1709
CR-Fairmount,PlainsINT-837493-1708
CR-Fairmount,PlainsINT-837495-1775
CR-Fairmount,PlainsINT-837509-1785
CR-Fairmount,PlainsINT-837512-1782
CR-Fairmount,PlainsINT-837525-784
CR-Fairmount,PlainsINT-837531-1788
CR-Fairmount,PlainsINT-837554-793
CR-Fairmount,PlainsINT-837629-1756
CR-Franklin,PlainsINT-838435-5806
CR-Franklin,PlainsINT-838436-5815
CR-Franklin,PlainsINT-838437-5821
CR-Franklin,PlainsINT-838438-5824
CR-Franklin,PlainsINT-838439-5830
CR-Franklin,PlainsINT-838440-5831
CR-Franklin,PlainsINT-838441-5838
CR-Franklin,PlainsINT-838442-5839
CR-Franklin,PlainsINT-838443-5846
CR-Franklin,PlainsINT-838444-5847
CR-Franklin,PlainsINT-838445-5855
CR-Franklin,PlainsINT-838446-5856
CR-Franklin,PlainsINT-838447-5867
CR-Franklin,PlainsINT-838448-5868
CR-Franklin,PlainsINT-838449-5877
CR-Franklin,PlainsINT-838450-5878
CR-Franklin,PlainsINT-838451-5884
CR-Franklin,PlainsINT-838452-5885
CR-Franklin,PlainsINT-838453-5892
CR-Franklin,PlainsINT-838454-5893
CR-Kingston,PlainsINT-838595-7047
CR-Fairmount,PlainsINT-838503-5706
CR-Fairmount,PlainsINT-838508-5715
CR-Fairmount,PlainsINT-838557-5793
CR-Fairmount,PlainsINT-838560-5721
CR-Fairmount,PlainsINT-838561-5724
CR-Fairmount,PlainsINT-838575-5784
CR-Fairmount,PlainsINT-838577-5785
CR-Fairmount,PlainsINT-838578-5768
CR-Fairmount,PlainsINT-838579-5778
CR-Fairmount,PlainsINT-838580-5767
CR-Fairmount,PlainsINT-838581-5754
CR-Fairmount,PlainsINT-838582-5755
CR-Fairmount,PlainsINT-838583-5730
CR-Fairmount,PlainsINT-838584-5731
CR-Fairmount,PlainsINT-838585-5738
CR-Fairmount,PlainsINT-838586-5739
CR-Fairmount,PlainsINT-838587-5746
CR-Fairmount,PlainsINT-838588-5777
CR-Fairmount,PlainsINT-838589-5747
CR-Franklin,PlainsINT-837821-856
CR-Franklin,PlainsINT-837828-874
CR-Franklin,PlainsINT-837829-875
CR-Franklin,PlainsINT-837832-885
CR-Franklin,PlainsINT-837835-892
CR-Franklin,PlainsINT-837836-893
CR-Franklin,PlainsINT-837839-908
CR-Franklin,PlainsINT-837867-984
CR-Kingston,PlainsINT-837741-2047
CR-Fairmount,PlainsINT-837868-991
CR-Fairmount,PlainsINT-838023-776
CR-Fairmount,PlainsINT-838044-1709
CR-Fairmount,PlainsINT-838046-1708
CR-Fairmount,PlainsINT-838049-1775
CR-Fairmount,PlainsINT-838065-1785
CR-Fairmount,PlainsINT-838068-1782
CR-Fairmount,PlainsINT-838083-784
CR-Fairmount,PlainsINT-838089-1788
CR-Fairmount,PlainsINT-838112-793
CR-Fairmount,PlainsINT-838121-1756
CR-Franklin,PlainsINT-838187-5806
CR-Franklin,PlainsINT-838188-5815
CR-Franklin,PlainsINT-838189-5821
CR-Franklin,PlainsINT-838190-5824
CR-Franklin,PlainsINT-838191-5830
CR-Franklin,PlainsINT-838192-5831
CR-Franklin,PlainsINT-838193-5838
CR-Franklin,PlainsINT-838194-5839
CR-Franklin,PlainsINT-838195-5846
CR-Franklin,PlainsINT-838196-5847
CR-Franklin,PlainsINT-838197-5855
CR-Franklin,PlainsINT-838198-5856
CR-Franklin,PlainsINT-838199-5867
CR-Franklin,PlainsINT-838200-5868
CR-Franklin,PlainsINT-838201-5877
CR-Franklin,PlainsINT-838202-5878
CR-Franklin,PlainsINT-838203-5884
CR-Franklin,PlainsINT-838204-5885
CR-Franklin,PlainsINT-838205-5892
CR-Franklin,PlainsINT-838206-5893
CR-Kingston,PlainsINT-838250-7047
CR-Fairmount,PlainsINT-838313-5706
CR-Fairmount,PlainsINT-838318-5715
CR-Fairmount,PlainsINT-838367-5793
CR-Fairmount,PlainsINT-838370-5721
CR-Fairmount,PlainsINT-838371-5724
CR-Fairmount,PlainsINT-838385-5784
CR-Fairmount,PlainsINT-838387-5785
CR-Fairmount,PlainsINT-838388-5768
CR-Fairmount,PlainsINT-838389-5778
CR-Fairmount,PlainsINT-838390-5767
CR-Fairmount,PlainsINT-838391-5754
CR-Fairmount,PlainsINT-838392-5755
CR-Fairmount,PlainsINT-838393-5730
CR-Fairmount,PlainsINT-838394-5731
CR-Fairmount,PlainsINT-838395-5738
CR-Fairmount,PlainsINT-838396-5739
CR-Fairmount,PlainsINT-838397-5746
CR-Fairmount,PlainsINT-838398-5777
CR-Fairmount,PlainsINT-838399-5747
CR-Franklin,SWKDYWCPeriod-816690-856
CR-Franklin,SWKDYWCPeriod-816697-874
CR-Franklin,SWKDYWCPeriod-816701-885
CR-Franklin,SWKDYWCPeriod-816704-892
CR-Franklin,SWKDYWCPeriod-816708-908
CR-Franklin,SWKDYWCPeriod-816736-984
CR-Kingston,SWKDYWCPeriod-816569-2047
CR-Needham,SWKDYWCPeriod-816703-889
CR-Needham,SWKDYWCPeriod-816705-893
CR-Fairmount,SWKDYWCPeriod-816737-991
CR-Fairmount,SWKDYWCPeriod-831410-784
CR-Fairmount,SWKDYWCPeriod-831413-776
CR-Fairmount,SWKDYWCPeriod-831419-1708
CR-Fairmount,SWKDYWCPeriod-831439-1785
CR-Fairmount,SWKDYWCPeriod-831442-1782
CR-Fairmount,SWKDYWCPeriod-831443-1775
CR-Fairmount,SWKDYWCPeriod-831444-1788
CR-Fairmount,SWKDYWCPeriod-831449-1709
CR-Fairmount,SWKDYWCPeriod-831451-793
CR-Fairmount,SWKDYWCPeriod-831463-1756
CR-Franklin,JFKStops-834885-5806
CR-Franklin,JFKStops-834886-5815
CR-Franklin,JFKStops-834887-5821
CR-Franklin,JFKStops-834888-5824
CR-Franklin,JFKStops-834889-5830
CR-Franklin,JFKStops-834890-5831
CR-Franklin,JFKStops-834891-5838
CR-Franklin,JFKStops-834892-5839
CR-Franklin,JFKStops-834893-5846
CR-Franklin,JFKStops-834894-5847
CR-Franklin,JFKStops-834895-5855
CR-Franklin,JFKStops-834896-5856
CR-Franklin,JFKStops-834897-5867
CR-Franklin,JFKStops-834898-5868
CR-Franklin,JFKStops-834899-5877
CR-Franklin,JFKStops-834900-5878
CR-Franklin,JFKStops-834901-5884
CR-Franklin,JFKStops-834902-5885
CR-Franklin,JFKStops-834903-5892
CR-Franklin,JFKStops-834904-5893
CR-Kingston,JFKStops-835129-7047
CR-Fairmount,JFKStops-835037-5706
CR-Fairmount,JFKStops-835042-5715
CR-Fairmount,JFKStops-835091-5793
CR-Fairmount,JFKStops-835093-5792
CR-Fairmount,JFKStops-835094-5721
CR-Fairmount,JFKStops-835095-5724
CR-Fairmount,JFKStops-835109-5784
CR-Fairmount,JFKStops-835111-5785
CR-Fairmount,JFKStops-835112-5768
CR-Fairmount,JFKStops-835113-5778
CR-Fairmount,JFKStops-835114-5767
CR-Fairmount,JFKStops-835115-5754
CR-Fairmount,JFKStops-835116-5755
CR-Fairmount,JFKStops-835117-5730
CR-Fairmount,JFKStops-835118-5731
CR-Fairmount,JFKStops-835119-5738
CR-Fairmount,JFKStops-835120-5739
CR-Fairmount,JFKStops-835121-5746
CR-Fairmount,JFKStops-835122-5777
CR-Fairmount,JFKStops-835123-5747
CR-Kingston,WCGameDay-817880-2047
CR-Franklin,WCGameDay-817755-802
CR-Franklin,WCGameDay-817756-803
CR-Franklin,WCGameDay-817757-806
CR-Franklin,WCGameDay-817758-810
CR-Franklin,WCGameDay-827401-813
CR-Franklin,WCGameDay-817761-818
CR-Franklin,WCGameDay-817762-819
CR-Franklin,WCGameDay-817764-824
CR-Franklin,WCGameDay-817765-825
CR-Franklin,WCGameDay-817766-827
CR-Franklin,WCGameDay-817767-828
CR-Franklin,WCGameDay-827399-831
CR-Franklin,WCGameDay-817769-832
CR-Franklin,WCGameDay-827398-835
CR-Franklin,WCGameDay-817771-836
CR-Franklin,WCGameDay-817772-839
CR-Franklin,WCGameDay-817774-843
CR-Franklin,WCGameDay-817775-844
CR-Franklin,WCGameDay-817776-847
CR-Franklin,WCGameDay-817778-851
CR-Franklin,WCGameDay-817779-852
CR-Franklin,WCGameDay-817781-856
CR-Franklin,WCGameDay-817782-857
CR-Franklin,WCGameDay-817784-864
CR-Franklin,WCGameDay-817785-867
CR-Franklin,WCGameDay-817786-870
CR-Franklin,WCGameDay-817787-871
CR-Franklin,WCGameDay-817789-875
CR-Franklin,WCGameDay-817790-880
CR-Franklin,WCGameDay-817791-881
CR-Franklin,WCGameDay-817792-885
CR-Franklin,WCGameDay-817793-886
CR-Franklin,WCGameDay-817794-889
CR-Franklin,WCGameDay-817795-892
CR-Franklin,WCGameDay-817796-893
CR-Franklin,June13-821025-5806
CR-Franklin,June13-821026-5815
CR-Franklin,June13-821027-5821
CR-Franklin,June13-821028-5824
CR-Franklin,June13-821029-5830
CR-Franklin,June13-821030-5831
CR-Franklin,June13-821031-5838
CR-Franklin,June13-821032-5839
CR-Franklin,June13-821033-5846
CR-Franklin,June13-821034-5847
CR-Franklin,June13-821035-5855
CR-Franklin,June13-821036-5856
CR-Franklin,June13-821037-5867
CR-Franklin,June13-821038-5868
CR-Franklin,June13-821039-5877
CR-Franklin,June13-821040-5878
CR-Franklin,June13-821041-5884
CR-Franklin,June13-821042-5885
CR-Franklin,June13-821043-5892
CR-Franklin,June13-821044-5893
CR-Franklin,SouthBase-826214-856
CR-Franklin,SouthBase-826221-874
CR-Franklin,SouthBase-826225-885
CR-Franklin,SouthBase-826228-892
CR-Franklin,SouthBase-826229-893
CR-Franklin,SouthBase-826232-908
CR-Franklin,SouthBase-826260-984
CR-Kingston,SouthBase-826075-2047
CR-Needham,SouthBase-826227-889
CR-Needham,SouthBase-826229-893
CR-Fairmount,SouthBase-826261-991
CR-Fairmount,SouthBase-830508-776
CR-Fairmount,SouthBase-830529-1709
CR-Fairmount,SouthBase-830531-1708
CR-Fairmount,SouthBase-830534-1775
CR-Fairmount,SouthBase-830550-1785
CR-Fairmount,SouthBase-830553-1782
CR-Fairmount,SouthBase-830568-784
CR-Fairmount,SouthBase-830574-1788
CR-Fairmount,SouthBase-830597-793
CR-Fairmount,SouthBase-830606-1756
CR-Franklin,SouthBase-793087-5806
CR-Franklin,SouthBase-793088-5815
CR-Franklin,SouthBase-793089-5821
CR-Franklin,SouthBase-793090-5824
CR-Franklin,SouthBase-793091-5830
CR-Franklin,SouthBase-793092-5831
CR-Franklin,SouthBase-793093-5838
CR-Franklin,SouthBase-793094-5839
CR-Franklin,SouthBase-793095-5846
CR-Franklin,SouthBase-793096-5847
CR-Franklin,SouthBase-793097-5855
CR-Franklin,SouthBase-793098-5856
CR-Franklin,SouthBase-793099-5867
CR-Franklin,SouthBase-793100-5868
CR-Franklin,SouthBase-793101-5877
CR-Franklin,SouthBase-793102-5878
CR-Franklin,SouthBase-793103-5884
CR-Franklin,SouthBase-793104-5885
CR-Franklin,SouthBase-793105-5892
CR-Franklin,SouthBase-793106-5893
CR-Kingston,SouthBase-793184-7047
CR-Fairmount,SouthBase-830375-5706
CR-Fairmount,SouthBase-830380-5715
CR-Fairmount,SouthBase-830429-5793
CR-Fairmount,SouthBase-830432-5721
CR-Fairmount,SouthBase-830433-5724
CR-Fairmount,SouthBase-830447-5784
CR-Fairmount,SouthBase-830449-5785
CR-Fairmount,SouthBase-830450-5768
CR-Fairmount,SouthBase-830451-5778
CR-Fairmount,SouthBase-830452-5767
CR-Fairmount,SouthBase-830453-5754
CR-Fairmount,SouthBase-830454-5755
CR-Fairmount,SouthBase-830455-5730
CR-Fairmount,SouthBase-830456-5731
CR-Fairmount,SouthBase-830457-5738
CR-Fairmount,SouthBase-830458-5739
CR-Fairmount,SouthBase-830459-5746
CR-Fairmount,SouthBase-830460-5777
CR-Fairmount,SouthBase-830461-5747
CR-Franklin,CR-FoxboroWalpoleShuttle-SummerWeekday-0-09:33:00
CR-Franklin,CR-FoxboroWalpoleShuttle-SummerWeekday-0-11:32:00
CR-Franklin,CR-FoxboroWalpoleShuttle-SummerWeekday-0-13:15:00
CR-Franklin,CR-FoxboroWalpoleShuttle-SummerWeekday-0-15:21:00
CR-Franklin,CR-FoxboroWalpoleShuttle-SummerWeekday-1-10:26:00
CR-Franklin,CR-FoxboroWalpoleShuttle-SummerWeekday-1-12:15:00
CR-Franklin,CR-FoxboroWalpoleShuttle-SummerWeekday-1-13:53:00
CR-Franklin,CR-FoxboroWalpoleShuttle-SummerWeekday-1-15:50:00
CR-Worcester,CR-WorcesterGrafton-Saturday-0-06:19:00
CR-Worcester,CR-WorcesterGrafton-Saturday-0-08:19:00
CR-Worcester,CR-WorcesterGrafton-Saturday-0-10:22:00
CR-Worcester,CR-WorcesterGrafton-Saturday-0-12:22:00
CR-Worcester,CR-WorcesterGrafton-Saturday-0-14:22:00
CR-Worcester,CR-WorcesterGrafton-Saturday-0-16:22:00
CR-Worcester,CR-WorcesterGrafton-Saturday-0-18:25:00
CR-Worcester,CR-WorcesterGrafton-Saturday-0-20:10:00
CR-Worcester,CR-WorcesterGrafton-Saturday-0-22:22:00
CR-Worcester,CR-WorcesterGrafton-Saturday-0-24:37:00
CR-Worcester,CR-WorcesterGrafton-Sunday-0-06:19:00
CR-Worcester,CR-WorcesterGrafton-Sunday-0-08:19:00
CR-Worcester,CR-WorcesterGrafton-Sunday-0-10:22:00
CR-Worcester,CR-WorcesterGrafton-Sunday-0-12:22:00
CR-Worcester,CR-WorcesterGrafton-Sunday-0-14:22:00
CR-Worcester,CR-WorcesterGrafton-Sunday-0-16:22:00
CR-Worcester,CR-WorcesterGrafton-Sunday-0-18:25:00
CR-Worcester,CR-WorcesterGrafton-Sunday-0-20:10:00
CR-Worcester,CR-WorcesterGrafton-Sunday-0-22:22:00
CR-Worcester,CR-WorcesterGrafton-Sunday-0-24:37:00
CR-Worcester,CR-WorcesterGrafton-Saturday-1-04:50:00
CR-Worcester,CR-WorcesterGrafton-Saturday-1-06:50:00
CR-Worcester,CR-WorcesterGrafton-Saturday-1-08:44:00
CR-Worcester,CR-WorcesterGrafton-Saturday-1-10:44:00
CR-Worcester,CR-WorcesterGrafton-Saturday-1-12:37:00
CR-Worcester,CR-WorcesterGrafton-Saturday-1-14:37:00
CR-Worcester,CR-WorcesterGrafton-Saturday-1-16:37:00
CR-Worcester,CR-WorcesterGrafton-Saturday-1-18:29:00
CR-Worcester,CR-WorcesterGrafton-Saturday-1-20:44:00
CR-Worcester,CR-WorcesterGrafton-Saturday-1-23:05:00
CR-Worcester,CR-WorcesterGrafton-Sunday-1-04:50:00
CR-Worcester,CR-WorcesterGrafton-Sunday-1-06:50:00
CR-Worcester,CR-WorcesterGrafton-Sunday-1-08:44:00
CR-Worcester,CR-WorcesterGrafton-Sunday-1-10:44:00
CR-Worcester,CR-WorcesterGrafton-Sunday-1-12:37:00
CR-Worcester,CR-WorcesterGrafton-Sunday-1-14:37:00
CR-Worcester,CR-WorcesterGrafton-Sunday-1-16:37:00
CR-Worcester,CR-WorcesterGrafton-Sunday-1-18:29:00
CR-Worcester,CR-WorcesterGrafton-Sunday-1-20:44:00
CR-Worcester,CR-WorcesterGrafton-Sunday-1-23:05:00
CR-Franklin,Shuttle-CantonJunctionForgePark-0-10:54:00
CR-Franklin,Shuttle-CantonJunctionForgePark-1-07:57:00
CR-Lowell,CR-NorthBillericaLowell-Weekday-0-22:25:00
CR-Lowell,CR-NorthBillericaLowell-Weekday-0-23:25:00
CR-Lowell,CR-NorthBillericaLowell-Weekday-0-24:25:00
CR-Lowell,CR-NorthBillericaLowell-Saturday-0-07:00:00
CR-Lowell,CR-NorthBillericaLowell-Saturday-0-09:00:00
CR-Lowell,CR-NorthBillericaLowell-Saturday-0-11:00:00
CR-Lowell,CR-NorthBillericaLowell-Saturday-0-13:00:00
CR-Lowell,CR-NorthBillericaLowell-Saturday-0-15:00:00
CR-Lowell,CR-NorthBillericaLowell-Saturday-0-17:00:00
CR-Lowell,CR-NorthBillericaLowell-Saturday-0-19:00:00
CR-Lowell,CR-NorthBillericaLowell-Saturday-0-21:40:00
CR-Lowell,CR-NorthBillericaLowell-Saturday-0-24:25:00
CR-Lowell,CR-NorthBillericaLowell-Sunday-0-07:00:00
CR-Lowell,CR-NorthBillericaLowell-Sunday-0-09:00:00
CR-Lowell,CR-NorthBillericaLowell-Sunday-0-11:00:00
CR-Lowell,CR-NorthBillericaLowell-Sunday-0-13:00:00
CR-Lowell,CR-NorthBillericaLowell-Sunday-0-15:00:00
CR-Lowell,CR-NorthBillericaLowell-Sunday-0-17:00:00
CR-Lowell,CR-NorthBillericaLowell-Sunday-0-19:00:00
CR-Lowell,CR-NorthBillericaLowell-Sunday-0-21:40:00
CR-Lowell,CR-NorthBillericaLowell-Sunday-0-24:25:00
CR-Lowell,CR-NorthBillericaLowell-Weekday-1-23:33:00
CR-Lowell,CR-NorthBillericaLowell-Saturday-1-05:05:00
CR-Lowell,CR-NorthBillericaLowell-Saturday-1-07:05:00
CR-Lowell,CR-NorthBillericaLowell-Saturday-1-09:05:00
CR-Lowell,CR-NorthBillericaLowell-Saturday-1-11:05:00
CR-Lowell,CR-NorthBillericaLowell-Saturday-1-13:05:00
CR-Lowell,CR-NorthBillericaLowell-Saturday-1-15:05:00
CR-Lowell,CR-NorthBillericaLowell-Saturday-1-17:05:00
CR-Lowell,CR-NorthBillericaLowell-Saturday-1-19:05:00
CR-Lowell,CR-NorthBillericaLowell-Saturday-1-21:43:00
CR-Lowell,CR-NorthBillericaLowell-Sunday-1-05:05:00
CR-Lowell,CR-NorthBillericaLowell-Sunday-1-07:05:00
CR-Lowell,CR-NorthBillericaLowell-Sunday-1-09:05:00
CR-Lowell,CR-NorthBillericaLowell-Sunday-1-11:05:00
CR-Lowell,CR-NorthBillericaLowell-Sunday-1-13:05:00
CR-Lowell,CR-NorthBillericaLowell-Sunday-1-15:05:00
CR-Lowell,CR-NorthBillericaLowell-Sunday-1-17:05:00
CR-Lowell,CR-NorthBillericaLowell-Sunday-1-19:05:00
CR-Lowell,CR-NorthBillericaLowell-Sunday-1-21:43:00
